DOMAINVALUE	STRATUM	ID	X1	X2	X3	X4	X5	X6	Y1	Y2	Y3	Y4	LABEL
1	1*1*1*1*1*1	1575	1	1	1	1	1	1	50	54	64	32	1
1	1*1*1*1*1*1	1588	1	1	1	1	1	1	27	53	78	37	1
1	1*1*1*1*1*1	1647	1	1	1	1	1	1	40	41	49	27	1
1	1*1*1*1*1*1	1593	1	1	1	1	1	1	43	67	61	22	1
1	1*1*1*1*1*1	1685	1	1	1	1	1	1	39	28	57	12	1
1	1*1*1*1*1*1	1566	1	1	1	1	1	1	30	45	74	58	1
1	1*1*1*1*1*1	1617	1	1	1	1	1	1	46	43	60	29	1
1	1*1*1*1*1*1	1564	1	1	1	1	1	1	55	31	73	49	1
1	1*1*1*1*1*1	1641	1	1	1	1	1	1	42	42	56	21	1
1	1*1*1*1*1*1	1624	1	1	1	1	1	1	52	41	59	21	1
1	1*1*1*1*1*1	1606	1	1	1	1	1	1	42	47	64	33	1
1	1*1*1*1*1*1	1817	1	1	1	1	1	1	11	5	11	7	1
1	1*1*1*1*1*1	1657	1	1	1	1	1	1	37	47	51	17	1
1	1*1*1*1*1*1	1560	1	1	1	1	1	1	60	46	73	32	1
1	1*1*1*1*1*1	1633	1	1	1	1	1	1	40	25	59	45	1
1	1*1*1*1*1*1	1700	1	1	1	1	1	1	24	32	51	18	1
1	1*1*1*1*1*1	1595	1	1	1	1	1	1	43	38	67	44	1
1	1*1*1*1*1*1	1577	1	1	1	1	1	1	39	51	66	42	1
1	1*1*1*1*1*1	1677	1	1	1	1	1	1	33	41	47	21	1
1	1*1*1*1*1*1	1655	1	1	1	1	1	1	40	33	63	18	1
1	1*1*1*1*1*1	1589	1	1	1	1	1	1	53	60	57	25	1
1	1*1*1*1*1*1	1640	1	1	1	1	1	1	57	44	38	24	1
1	1*1*1*1*1*1	1815	1	1	1	1	1	1	10	4	15	8	1
1	1*1*1*1*1*1	1592	1	1	1	1	1	1	38	64	68	24	1
1	1*1*1*1*1*1	1713	1	1	1	1	1	1	25	28	43	24	1
1	1*1*1*1*1*1	1710	1	1	1	1	1	1	19	27	40	36	1
1	1*1*1*1*1*1	1630	1	1	1	1	1	1	54	53	39	24	1
1	1*1*1*1*1*1	1569	1	1	1	1	1	1	43	70	56	34	1
1	1*1*1*1*1*1	1583	1	1	1	1	1	1	57	35	57	48	1
1	1*1*1*1*1*1	1714	1	1	1	1	1	1	39	22	40	19	1
1	1*1*1*1*1*1	1715	1	1	1	1	1	1	37	37	32	12	1
1	1*1*1*1*1*1	1680	1	1	1	1	1	1	44	26	42	25	1
1	1*1*1*1*1*1	1708	1	1	1	1	1	1	25	18	47	32	1
1	1*1*1*1*1*1	1722	1	1	1	1	1	1	21	21	46	26	1
1	1*1*1*1*1*1	1666	1	1	1	1	1	1	26	34	63	25	1
1	1*1*1*1*1*1	1724	1	1	1	1	1	1	38	23	34	18	1
1	1*1*1*1*1*1	1725	1	1	1	1	1	1	30	32	29	22	1
1	1*1*1*1*1*1	1807	1	1	1	1	1	1	13	9	18	7	1
1	1*1*1*1*1*1	1643	1	1	1	1	1	1	54	40	45	20	1
1	1*1*1*1*1*1	1768	1	1	1	1	1	1	17	17	24	21	1
1	1*1*1*1*1*1	1730	1	1	1	1	1	1	32	30	32	16	1
1	1*1*1*1*1*1	1717	1	1	1	1	1	1	24	34	44	15	1
1	1*1*1*1*1*1	1740	1	1	1	1	1	1	30	26	27	21	1
1	1*1*1*1*1*1	1652	1	1	1	1	1	1	43	41	47	25	1
1	1*1*1*1*1*1	1773	1	1	1	1	1	1	18	21	23	10	1
1	1*1*1*1*1*1	1600	1	1	1	1	1	1	46	59	62	23	1
1	1*1*1*1*1*1	1775	1	1	1	1	1	1	20	16	26	9	1
1	1*1*1*1*1*1	1736	1	1	1	1	1	1	33	33	30	12	1
1	1*1*1*1*1*1	1697	1	1	1	1	1	1	34	37	38	18	1
1	1*1*1*1*1*1	1738	1	1	1	1	1	1	37	21	35	13	1
1	1*1*1*1*1*1	1578	1	1	1	1	1	1	56	42	65	35	1
1	1*1*1*1*1*1	1753	1	1	1	1	1	1	38	27	21	5	1
1	1*1*1*1*1*1	1741	1	1	1	1	1	1	19	21	42	20	1
1	1*1*1*1*1*1	1662	1	1	1	1	1	1	50	33	40	28	1
1	1*1*1*1*1*1	1770	1	1	1	1	1	1	14	17	31	12	1
1	1*1*1*1*1*1	1744	1	1	1	1	1	1	29	22	32	16	1
1	1*1*1*1*1*1	1625	1	1	1	1	1	1	53	42	56	21	1
1	1*1*1*1*1*1	1746	1	1	1	1	1	1	29	25	32	13	1
1	1*1*1*1*1*1	1613	1	1	1	1	1	1	38	58	61	23	1
1	1*1*1*1*1*1	1627	1	1	1	1	1	1	49	47	60	15	1
1	1*1*1*1*1*1	1669	1	1	1	1	1	1	29	42	40	34	1
1	1*1*1*1*1*1	1629	1	1	1	1	1	1	37	54	53	26	1
1	1*1*1*1*1*1	1791	1	1	1	1	1	1	13	20	14	13	1
1	1*1*1*1*1*1	1631	1	1	1	1	1	1	37	44	63	26	1
1	1*1*1*1*1*1	1806	1	1	1	1	1	1	10	15	13	10	1
1	1*1*1*1*1*1	1754	1	1	1	1	1	1	16	21	30	22	1
1	1*1*1*1*1*1	1755	1	1	1	1	1	1	22	26	25	14	1
1	1*1*1*1*1*1	1743	1	1	1	1	1	1	20	26	35	19	1
1	1*1*1*1*1*1	1757	1	1	1	1	1	1	22	21	28	16	1
1	1*1*1*1*1*1	1758	1	1	1	1	1	1	15	18	40	12	1
1	1*1*1*1*1*1	1679	1	1	1	1	1	1	35	47	42	15	1
1	1*1*1*1*1*1	1800	1	1	1	1	1	1	14	13	12	12	1
1	1*1*1*1*1*1	1801	1	1	1	1	1	1	14	17	10	10	1
1	1*1*1*1*1*1	1762	1	1	1	1	1	1	14	20	22	27	1
1	1*1*1*1*1*1	1642	1	1	1	1	1	1	31	35	54	41	1
1	1*1*1*1*1*1	1764	1	1	1	1	1	1	18	22	28	13	1
1	1*1*1*1*1*1	1644	1	1	1	1	1	1	52	47	43	16	1
1	1*1*1*1*1*1	1819	1	1	1	1	1	1	7	7	10	9	1
1	1*1*1*1*1*1	1699	1	1	1	1	1	1	40	23	42	21	1
1	1*1*1*1*1*1	1808	1	1	1	1	1	1	11	6	15	14	1
1	1*1*1*1*1*1	1809	1	1	1	1	1	1	10	15	16	4	1
1	1*1*1*1*1*1	1689	1	1	1	1	1	1	46	24	38	25	1
1	1*1*1*1*1*1	1571	1	1	1	1	1	1	54	48	76	24	1
1	1*1*1*1*1*1	1692	1	1	1	1	1	1	32	38	41	21	1
1	1*1*1*1*1*1	1813	1	1	1	1	1	1	12	11	11	4	1
1	1*1*1*1*1*1	1814	1	1	1	1	1	1	8	15	7	7	1
1	1*1*1*1*1*1	1667	1	1	1	1	1	1	34	39	55	20	1
1	1*1*1*1*1*1	1776	1	1	1	1	1	1	13	16	25	16	1
1	1*1*1*1*1*1	1777	1	1	1	1	1	1	17	12	24	17	1
1	1*1*1*1*1*1	1778	1	1	1	1	1	1	24	24	17	4	1
1	1*1*1*1*1*1	1671	1	1	1	1	1	1	29	35	61	19	1
1	1*1*1*1*1*1	1672	1	1	1	1	1	1	34	40	57	13	1
1	1*1*1*1*1*1	1781	1	1	1	1	1	1	22	12	27	6	1
1	1*1*1*1*1*1	1702	1	1	1	1	1	1	40	32	44	9	1
1	1*1*1*1*1*1	1783	1	1	1	1	1	1	15	16	21	13	1
1	1*1*1*1*1*1	1784	1	1	1	1	1	1	12	10	18	25	1
1	1*1*1*1*1*1	1745	1	1	1	1	1	1	23	22	27	27	1
1	1*1*1*1*1*1	1598	1	1	1	1	1	1	59	42	57	32	1
1	1*1*1*1*1*1	1787	1	1	1	1	1	1	11	12	21	19	1
1	1*1*1*1*1*1	1563	1	1	1	1	1	1	45	70	70	25	1
1	1*1*1*1*1*1	1709	1	1	1	1	1	1	36	36	37	13	1
1	1*1*1*1*1*1	1790	1	1	1	1	1	1	17	17	18	9	1
1	1*1*1*1*1*1	1804	1	1	1	1	1	1	15	13	15	7	1
1	1*1*1*1*1*1	1716	1	1	1	1	1	1	28	22	48	19	1
1	1*1*1*1*1*1	1676	1	1	1	1	1	1	31	50	41	21	1
1	1*1*1*1*1*1	1673	1	1	1	1	1	1	20	27	47	50	1
1	1*1*1*1*1*1	1674	1	1	1	1	1	1	29	44	43	28	1
1	1*1*1*1*1*1	1821	1	1	1	1	1	1	3	3	16	11	1
1	1*1*1*1*1*1	1818	1	1	1	1	1	1	5	5	14	9	1
1	1*1*1*1*1*1	1798	1	1	1	1	1	1	14	11	15	12	1
1	1*1*1*1*1*1	1691	1	1	1	1	1	1	29	57	30	16	1
1	1*1*1*1*1*1	1574	1	1	1	1	1	1	31	49	77	43	1
1	1*1*1*1*1*1	1823	1	1	1	1	1	1	7	6	7	7	1
1	1*1*1*1*1*1	1561	1	1	1	1	1	1	55	74	54	28	1
1	1*1*2*1*1*1	1612	1	1	2	1	1	1	50	45	54	32	1
1	1*1*2*1*1*1	1585	1	1	2	1	1	1	48	47	63	39	1
1	1*2*1*1*1*1	1694	1	2	1	1	1	1	37	41	30	22	1
1	1*2*1*1*1*1	1587	1	2	1	1	1	1	40	54	61	41	1
1	1*2*1*1*1*1	1619	1	2	1	1	1	1	45	51	45	35	1
1	1*2*1*1*1*1	1749	1	2	1	1	1	1	15	26	42	12	1
1	1*2*1*1*1*1	1557	1	2	1	1	1	1	68	65	62	17	1
1	1*2*1*2*1*1	1701	1	2	1	2	1	1	31	38	34	22	1
1	1*2*1*2*1*1	1653	1	2	1	2	1	1	27	38	54	36	1
1	1*2*1*3*1*1	1559	1	2	1	3	1	1	48	70	63	31	1
1	1*3*1*2*1*1	1769	1	3	1	2	1	1	20	23	23	12	1
1	10*1*1*1*1*1	189	10	1	1	1	1	1	1260	1148	1225	602	2
1	10*1*1*1*1*1	197	10	1	1	1	1	1	928	1273	1481	396	2
1	10*1*1*1*1*2	231	10	1	1	1	1	2	878	969	1109	640	2
1	10*1*1*1*2*1	191	10	1	1	1	2	1	983	1390	1384	453	2
1	10*1*2*1*1*1	185	10	1	2	1	1	1	1262	1291	1281	447	2
1	10*1*2*1*1*2	221	10	1	2	1	1	2	973	1008	1231	479	2
1	10*2*1*2*1*2	193	10	2	1	2	1	2	1021	1121	1377	661	2
1	10*2*2*1*2*2	180	10	2	2	1	2	2	1235	1264	1276	596	2
1	10*2*2*1*2*2	199	10	2	2	1	2	2	1026	1066	1436	540	2
1	10*3*2*2*2*1	233	10	3	2	2	2	1	944	1033	1127	463	2
1	10*3*2*2*2*1	184	10	3	2	2	2	1	993	1054	1340	910	2
1	10*3*2*2*2*1	183	10	3	2	2	2	1	940	936	1339	1118	2
1	11*1*1*1*2*1	166	11	1	1	1	2	1	1140	1062	1701	794	2
1	11*1*2*1*2*2	148	11	1	2	1	2	2	1312	1286	1859	725	3
1	11*1*2*1*2*2	149	11	1	2	1	2	2	1238	1591	1582	728	3
1	11*2*1*1*2*1	167	11	2	1	1	2	1	1196	1140	1627	732	2
1	11*2*2*1*2*1	130	11	2	2	1	2	1	1659	1596	1562	770	3
1	11*2*2*1*2*3	129	11	2	2	1	2	3	1642	1799	1779	475	3
1	11*2*2*2*2*1	139	11	2	2	2	2	1	1219	1519	1812	791	3
1	11*3*2*2*2*1	138	11	3	2	2	2	1	1321	1454	1731	844	3
1	12*1*1*1*1*1	121	12	1	1	1	1	1	1434	2314	1751	564	3
1	12*1*1*1*1*1	97	12	1	1	1	1	1	1686	2174	2397	964	3
1	12*1*1*1*1*2	94	12	1	1	1	1	2	1980	2379	2474	665	3
1	12*1*1*1*1*2	108	12	1	1	1	1	2	1689	2282	2005	601	3
1	12*1*1*1*2*1	92	12	1	1	1	2	1	1791	2074	2662	989	3
1	12*1*1*1*2*1	112	12	1	1	1	2	1	1698	1515	2206	925	3
1	12*1*1*1*2*2	101	12	1	1	1	2	2	1903	1867	2314	720	3
1	12*1*3*1*2*2	95	12	1	3	1	2	2	1724	2089	2261	1220	2
1	12*2*1*1*1*3	109	12	2	1	1	1	3	1532	1891	2143	984	3
1	12*2*1*2*2*1	93	12	2	1	2	2	1	1811	2013	2488	1203	3
1	12*2*1*3*2*1	122	12	2	1	3	2	1	1277	2522	1682	507	3
1	12*3*2*2*2*2	114	12	3	2	2	2	2	1513	1673	2147	928	3
1	12*3*2*3*2*1	111	12	3	2	3	2	1	1449	2076	1995	1016	3
1	12*3*3*2*2*1	115	12	3	3	2	2	1	1920	1461	1944	932	3
1	12*3*3*2*2*2	123	12	3	3	2	2	2	1520	1538	1922	993	3
1	13*1*1*1*2*1	64	13	1	1	1	2	1	2209	2208	3434	1908	3
1	13*1*1*1*2*1	78	13	1	1	1	2	1	2398	2257	2955	1282	3
1	13*1*1*1*2*1	85	13	1	1	1	2	1	1830	2265	2925	1094	3
1	13*1*2*1*2*1	75	13	1	2	1	2	1	2203	2551	3176	1146	3
1	13*1*2*1*2*1	84	13	1	2	1	2	1	1800	2001	3045	1424	3
1	13*1*2*1*2*2	66	13	1	2	1	2	2	2716	3418	2923	606	3
1	13*2*2*1*2*3	86	13	2	2	1	2	3	2088	2182	2449	1236	3
1	14*1*1*1*2*1	46	14	1	1	1	2	1	3057	3156	4116	1812	3
1	14*1*1*1*2*1	60	14	1	1	1	2	1	2914	2785	3451	1159	3
1	14*1*1*1*2*1	62	14	1	1	1	2	1	2093	2625	3450	2062	3
1	14*1*1*1*2*1	53	14	1	1	1	2	1	2032	3311	3458	2154	3
1	14*1*1*1*2*2	63	14	1	1	1	2	2	2320	3548	3309	1050	3
1	14*3*1*1*2*2	49	14	3	1	1	2	2	2836	3353	3692	1709	3
1	15*1*1*1*2*1	27	15	1	1	1	2	1	3541	5207	4713	2741	4
1	15*1*1*1*2*1	25	15	1	1	1	2	1	3716	4854	5449	2400	4
1	15*1*1*1*2*1	29	15	1	1	1	2	1	3107	4066	5705	3156	4
1	15*1*1*1*2*2	18	15	1	1	1	2	2	4116	6224	5696	2370	4
1	15*1*1*1*2*2	22	15	1	1	1	2	2	3772	6102	5354	2362	4
1	15*1*1*1*2*2	28	15	1	1	1	2	2	3747	5276	5183	1976	4
1	15*1*1*1*2*2	39	15	1	1	1	2	2	2940	4388	4408	2418	4
1	15*1*2*1*2*3	17	15	1	2	1	2	3	4424	5800	7121	2203	4
1	15*1*2*1*2*3	38	15	1	2	1	2	3	3156	3943	4918	2300	4
1	15*2*1*1*2*3	42	15	2	1	1	2	3	3359	4170	4509	1895	4
1	15*2*2*1*2*3	36	15	2	2	1	2	3	3419	4288	4522	2132	4
1	16*1*1*1*2*2	11	16	1	1	1	2	2	7519	8926	9493	3621	4
1	16*1*1*1*2*2	13	16	1	1	1	2	2	5797	7681	8429	3781	4
1	16*1*2*1*2*3	14	16	1	2	1	2	3	5796	7279	7126	4175	4
1	16*1*3*1*2*3	12	16	1	3	1	2	3	6732	7998	8492	3949	4
1	16*2*2*1*2*1	15	16	2	2	1	2	1	4790	6615	6931	4118	4
1	18*1*1*1*3*2	1	18	1	1	1	3	2	32429	60074	57063	28398	5
1	18*2*2*1*3*2	4	18	2	2	1	3	2	24291	44202	35421	21000	5
1	2*1*1*1*1*1	1395	2	1	1	1	1	1	85	87	99	40	1
1	2*1*1*1*1*1	1530	2	1	1	1	1	1	43	52	96	39	1
1	2*1*1*1*1*1	1377	2	1	1	1	1	1	90	87	99	44	1
1	2*1*1*1*1*1	1516	2	1	1	1	1	1	62	52	75	48	1
1	2*1*1*1*1*1	1327	2	1	1	1	1	1	72	99	131	46	1
1	2*1*1*1*1*1	1543	2	1	1	1	1	1	75	48	75	25	1
1	2*1*1*1*1*1	1515	2	1	1	1	1	1	64	57	86	30	1
1	2*1*1*1*1*1	1414	2	1	1	1	1	1	88	90	103	14	1
1	2*1*1*1*1*1	1443	2	1	1	1	1	1	87	71	75	42	1
1	2*1*1*1*1*1	1439	2	1	1	1	1	1	80	70	77	51	1
1	2*1*1*1*1*1	1372	2	1	1	1	1	1	92	105	101	25	1
1	2*1*1*1*1*1	1525	2	1	1	1	1	1	61	61	77	34	1
1	2*1*1*1*1*1	1286	2	1	1	1	1	1	93	122	115	43	1
1	2*1*1*1*1*1	1542	2	1	1	1	1	1	53	52	78	41	1
1	2*1*1*1*1*1	1299	2	1	1	1	1	1	103	103	119	40	1
1	2*1*1*1*1*1	1407	2	1	1	1	1	1	74	67	95	66	1
1	2*1*1*1*1*1	1528	2	1	1	1	1	1	72	41	75	44	1
1	2*1*1*1*1*1	1437	2	1	1	1	1	1	73	64	97	45	1
1	2*1*1*1*1*1	1318	2	1	1	1	1	1	82	115	92	64	1
1	2*1*1*1*1*1	1277	2	1	1	1	1	1	123	125	92	41	1
1	2*1*1*1*1*1	1398	2	1	1	1	1	1	84	86	95	43	1
1	2*1*1*1*1*1	1332	2	1	1	1	1	1	98	99	113	35	1
1	2*1*1*1*1*1	1483	2	1	1	1	1	1	65	76	72	42	1
1	2*1*1*1*1*1	1337	2	1	1	1	1	1	84	100	120	39	1
1	2*1*1*1*1*1	1335	2	1	1	1	1	1	88	63	128	65	1
1	2*1*1*1*1*1	1296	2	1	1	1	1	1	94	101	136	37	1
1	2*1*1*1*1*1	1285	2	1	1	1	1	1	97	101	116	59	1
1	2*1*1*1*1*1	1458	2	1	1	1	1	1	66	62	93	46	1
1	2*1*1*1*1*1	1461	2	1	1	1	1	1	74	58	102	31	1
1	2*1*1*1*1*1	1326	2	1	1	1	1	1	81	97	113	57	1
1	2*1*1*1*1*1	1341	2	1	1	1	1	1	91	90	127	34	1
1	2*1*1*1*1*1	1410	2	1	1	1	1	1	61	83	111	45	1
1	2*1*1*1*1*1	1452	2	1	1	1	1	1	68	66	87	49	1
1	2*1*1*1*1*1	1291	2	1	1	1	1	1	133	78	120	39	1
1	2*1*1*1*1*1	1305	2	1	1	1	1	1	89	90	138	43	1
1	2*1*1*1*1*1	1361	2	1	1	1	1	1	101	119	80	30	1
1	2*1*1*1*1*1	1523	2	1	1	1	1	1	57	66	65	47	1
1	2*1*1*1*1*1	1268	2	1	1	1	1	1	88	120	138	44	1
1	2*1*1*1*1*1	1350	2	1	1	1	1	1	97	86	92	59	1
1	2*1*1*1*1*1	1324	2	1	1	1	1	1	89	90	109	61	1
1	2*1*1*1*1*1	1403	2	1	1	1	1	1	77	67	113	48	1
1	2*1*1*1*1*1	1273	2	1	1	1	1	1	111	93	121	58	1
1	2*1*1*1*1*1	1420	2	1	1	1	1	1	67	77	112	34	1
1	2*1*1*1*1*1	1475	2	1	1	1	1	1	60	89	85	25	1
1	2*1*1*1*1*1	1477	2	1	1	1	1	1	83	58	85	32	1
1	2*1*1*1*1*1	1276	2	1	1	1	1	1	105	100	122	55	1
1	2*1*1*1*1*1	1290	2	1	1	1	1	1	86	82	149	53	1
1	2*1*1*1*1*1	1425	2	1	1	1	1	1	85	84	77	42	1
1	2*1*1*1*1*1	1521	2	1	1	1	1	1	78	53	76	28	1
1	2*1*1*1*1*1	1360	2	1	1	1	1	1	73	91	113	54	1
1	2*1*1*1*1*1	1442	2	1	1	1	1	1	79	90	79	28	1
1	2*1*1*1*1*1	1388	2	1	1	1	1	1	102	74	98	40	1
1	2*1*1*1*1*1	1526	2	1	1	1	1	1	67	70	82	14	1
1	2*1*1*1*1*1	1434	2	1	1	1	1	1	70	75	87	48	1
1	2*1*1*1*1*1	1338	2	1	1	1	1	1	76	92	136	39	1
1	2*1*1*1*1*1	1393	2	1	1	1	1	1	97	79	97	39	1
1	2*1*1*1*1*1	1527	2	1	1	1	1	1	56	67	80	30	1
1	2*1*1*1*1*1	1533	2	1	1	1	1	1	64	49	76	38	1
1	2*1*1*1*1*1	1369	2	1	1	1	1	1	85	103	98	41	1
1	2*1*1*1*1*1	1334	2	1	1	1	1	1	92	80	115	57	1
1	2*1*1*1*1*1	1491	2	1	1	1	1	1	56	60	100	35	1
1	2*1*1*1*1*1	1336	2	1	1	1	1	1	108	84	103	49	1
1	2*1*1*1*1*1	1548	2	1	1	1	1	1	67	61	78	16	1
1	2*1*1*1*1*1	1498	2	1	1	1	1	1	72	57	66	51	1
1	2*1*1*1*1*1	1374	2	1	1	1	1	1	69	110	114	29	1
1	2*1*1*1*1*1	1553	2	1	1	1	1	1	52	59	69	37	1
1	2*1*1*1*1*1	1345	2	1	1	1	1	1	65	86	135	53	1
1	2*1*1*1*1*1	1385	2	1	1	1	1	1	71	95	103	48	1
1	2*1*1*1*1*1	1378	2	1	1	1	1	1	79	101	114	26	1
1	2*1*1*1*1*1	1508	2	1	1	1	1	1	56	75	76	34	1
1	2*1*1*1*1*1	1428	2	1	1	1	1	1	66	83	89	46	1
1	2*1*1*1*1*1	1347	2	1	1	1	1	1	91	95	122	29	1
1	2*1*1*1*1*1	1386	2	1	1	1	1	1	93	98	97	28	1
1	2*1*1*1*1*1	1297	2	1	1	1	1	1	82	96	116	74	1
1	2*1*1*1*1*1	1426	2	1	1	1	1	1	64	96	76	50	1
1	2*1*1*1*1*2	1301	2	1	1	1	1	2	98	106	116	43	1
1	2*1*1*2*1*1	1272	2	1	1	2	1	1	102	95	121	67	1
1	2*1*1*2*1*1	1550	2	1	1	2	1	1	53	64	69	35	1
1	2*1*2*1*1*1	1399	2	1	2	1	1	1	89	67	92	60	1
1	2*1*2*1*1*1	1381	2	1	2	1	1	1	102	71	98	48	1
1	2*1*2*1*1*1	1270	2	1	2	1	1	1	102	113	125	49	1
1	2*1*2*1*1*1	1366	2	1	2	1	1	1	90	91	100	47	1
1	2*1*2*1*1*1	1411	2	1	2	1	1	1	72	94	93	40	1
1	2*1*2*1*1*1	1440	2	1	2	1	1	1	73	63	85	56	1
1	2*1*2*1*1*1	1319	2	1	2	1	1	1	103	98	120	31	1
1	2*1*2*1*1*1	1351	2	1	2	1	1	1	94	106	81	53	1
1	2*1*2*1*1*1	1295	2	1	2	1	1	1	107	104	101	56	1
1	2*1*2*1*1*1	1340	2	1	2	1	1	1	102	110	93	37	1
1	2*1*2*1*1*1	1422	2	1	2	1	1	1	75	66	100	49	1
1	2*1*2*1*1*1	1339	2	1	2	1	1	1	66	92	120	64	1
1	2*1*2*1*1*1	1331	2	1	2	1	1	1	95	107	103	40	1
1	2*1*2*1*1*1	1497	2	1	2	1	1	1	69	68	73	37	1
1	2*1*2*1*1*1	1400	2	1	2	1	1	1	77	70	101	60	1
1	2*2*1*1*1*1	1325	2	2	1	1	1	1	105	96	96	51	1
1	2*2*1*1*1*1	1383	2	2	1	1	1	1	74	80	103	61	1
1	2*2*1*1*1*1	1537	2	2	1	1	1	1	60	62	65	39	1
1	2*2*1*1*1*1	1404	2	2	1	1	1	1	80	79	97	48	1
1	2*2*1*2*1*1	1353	2	2	1	2	1	1	86	83	107	57	1
1	2*2*1*2*1*1	1274	2	2	1	2	1	1	77	71	159	76	1
1	2*2*1*2*1*1	1314	2	2	1	2	1	1	92	92	100	72	1
1	2*2*1*2*1*1	1471	2	2	1	2	1	1	61	64	71	65	1
1	2*2*1*2*1*1	1328	2	2	1	2	1	1	51	65	117	114	1
1	2*2*1*2*1*1	1472	2	2	1	2	1	1	59	64	86	51	1
1	2*2*1*2*1*1	1433	2	2	1	2	1	1	50	79	79	73	1
1	2*2*1*2*1*1	1380	2	2	1	2	1	1	92	85	100	42	1
1	2*2*2*1*1*1	1367	2	2	2	1	1	1	90	80	99	59	1
1	2*2*2*1*1*1	1449	2	2	2	1	1	1	69	81	85	37	1
1	2*2*2*2*1*1	1292	2	2	2	2	1	1	90	91	120	67	1
1	3*1*1*1*1*1	1083	3	1	1	1	1	1	139	112	232	57	1
1	3*1*1*1*1*1	1201	3	1	1	1	1	1	115	132	142	50	1
1	3*1*1*1*1*1	1187	3	1	1	1	1	1	127	123	145	56	1
1	3*1*1*1*1*1	1068	3	1	1	1	1	1	187	172	154	47	1
1	3*1*1*1*1*1	1111	3	1	1	1	1	1	146	115	199	53	1
1	3*1*1*1*1*1	1069	3	1	1	1	1	1	150	151	187	71	1
1	3*1*1*1*1*1	1119	3	1	1	1	1	1	125	100	187	92	1
1	3*1*1*1*1*1	1101	3	1	1	1	1	1	120	133	163	108	1
1	3*1*1*1*1*1	1242	3	1	1	1	1	1	120	111	127	46	1
1	3*1*1*1*1*1	1227	3	1	1	1	1	1	93	118	151	52	1
1	3*1*1*1*1*1	1061	3	1	1	1	1	1	141	218	153	53	1
1	3*1*1*1*1*1	1065	3	1	1	1	1	1	150	184	183	46	1
1	3*1*1*1*1*1	1214	3	1	1	1	1	1	110	113	133	71	1
1	3*1*1*1*1*1	1082	3	1	1	1	1	1	144	181	173	45	1
1	3*1*1*1*1*1	1172	3	1	1	1	1	1	106	148	145	65	1
1	3*1*1*1*1*1	1234	3	1	1	1	1	1	112	100	115	83	1
1	3*1*1*1*1*1	1097	3	1	1	1	1	1	113	113	215	87	1
1	3*1*1*1*1*1	1188	3	1	1	1	1	1	137	104	184	25	1
1	3*1*1*1*1*1	1189	3	1	1	1	1	1	81	135	162	71	1
1	3*1*1*1*1*1	1225	3	1	1	1	1	1	130	140	110	37	1
1	3*1*1*1*1*1	1168	3	1	1	1	1	1	104	134	156	73	1
1	3*1*1*1*1*1	1145	3	1	1	1	1	1	105	177	140	66	1
1	3*1*1*1*1*1	1064	3	1	1	1	1	1	140	147	198	79	1
1	3*1*1*1*1*1	1046	3	1	1	1	1	1	165	154	196	66	1
1	3*1*1*1*1*1	1078	3	1	1	1	1	1	115	153	216	63	1
1	3*1*1*1*1*1	1056	3	1	1	1	1	1	156	170	184	63	1
1	3*1*1*1*1*1	1254	3	1	1	1	1	1	99	123	124	51	1
1	3*1*1*1*1*1	1050	3	1	1	1	1	1	170	124	207	77	1
1	3*1*1*1*1*1	1198	3	1	1	1	1	1	129	122	147	43	1
1	3*1*1*1*1*1	1265	3	1	1	1	1	1	93	107	142	50	1
1	3*1*1*1*1*1	1179	3	1	1	1	1	1	152	131	145	30	1
1	3*1*1*1*1*1	1206	3	1	1	1	1	1	99	99	149	88	1
1	3*1*1*1*1*1	1090	3	1	1	1	1	1	125	136	186	87	1
1	3*1*1*1*1*1	1197	3	1	1	1	1	1	111	125	145	63	1
1	3*1*1*1*1*1	1263	3	1	1	1	1	1	100	101	143	48	1
1	3*1*1*1*1*1	1098	3	1	1	1	1	1	98	132	178	120	1
1	3*1*1*1*1*1	1103	3	1	1	1	1	1	118	158	178	68	1
1	3*1*1*2*1*1	1241	3	1	1	2	1	1	121	96	125	62	1
1	3*1*1*2*1*1	1255	3	1	1	2	1	1	102	110	116	69	1
1	3*1*2*1*1*1	1229	3	1	2	1	1	1	96	108	142	66	1
1	3*1*2*1*1*1	1202	3	1	2	1	1	1	140	103	137	58	1
1	3*1*2*1*1*1	1178	3	1	2	1	1	1	140	142	124	53	1
1	3*1*2*1*1*1	1231	3	1	2	1	1	1	116	111	129	55	1
1	3*1*2*1*1*1	1180	3	1	2	1	1	1	137	117	152	50	1
1	3*1*2*1*1*1	1215	3	1	2	1	1	1	123	104	146	54	1
1	3*1*2*1*1*1	1132	3	1	2	1	1	1	133	141	169	53	1
1	3*1*2*1*1*1	1063	3	1	2	1	1	1	161	137	206	61	1
1	3*1*2*1*1*1	1093	3	1	2	1	1	1	136	126	181	87	1
1	3*1*2*1*1*1	1085	3	1	2	1	1	1	143	151	171	73	1
1	3*1*2*1*1*1	1049	3	1	2	1	1	1	154	178	182	65	1
1	3*1*2*1*1*1	1246	3	1	2	1	1	1	108	111	117	66	1
1	3*1*2*1*1*1	1219	3	1	2	1	1	1	100	119	140	63	1
1	3*1*2*1*1*1	1257	3	1	2	1	1	1	116	100	121	58	1
1	3*1*2*1*1*1	1224	3	1	2	1	1	1	105	100	152	62	1
1	3*1*2*1*1*1	1060	3	1	2	1	1	1	140	161	177	87	1
1	3*1*2*1*1*1	1099	3	1	2	1	1	1	148	155	169	56	1
1	3*1*2*1*1*1	1129	3	1	2	1	1	1	154	132	155	56	1
1	3*1*2*1*1*1	1044	3	1	2	1	1	1	179	171	148	85	1
1	3*2*1*1*1*1	1204	3	2	1	1	1	1	123	88	145	81	1
1	3*2*1*1*1*1	1256	3	2	1	1	1	1	103	100	126	68	1
1	3*2*1*1*1*1	1200	3	2	1	1	1	1	111	116	140	72	1
1	3*2*1*1*1*1	1216	3	2	1	1	1	1	99	106	148	73	1
1	3*2*1*1*1*1	1243	3	2	1	1	1	1	77	89	154	84	1
1	3*2*1*1*1*1	1147	3	2	1	1	1	1	119	129	165	75	1
1	3*2*1*1*1*1	1244	3	2	1	1	1	1	112	123	118	51	1
1	3*2*1*1*1*1	1071	3	2	1	1	1	1	153	162	171	68	1
1	3*2*1*1*1*1	1128	3	2	1	1	1	1	137	112	157	92	1
1	3*2*1*1*1*1	1126	3	2	1	1	1	1	123	126	154	97	1
1	3*2*1*2*1*1	1055	3	2	1	2	1	1	149	157	180	88	1
1	3*2*1*2*1*1	1057	3	2	1	2	1	1	113	140	223	94	1
1	3*2*1*2*1*1	1182	3	2	1	2	1	1	106	107	142	100	1
1	3*2*1*2*1*1	1114	3	2	1	2	1	1	146	98	163	100	1
1	3*2*1*2*1*1	1140	3	2	1	2	1	1	139	136	118	98	1
1	3*2*1*2*1*1	1106	3	2	1	2	1	1	99	110	195	118	1
1	4*1*1*1*1*1	851	4	1	1	1	1	1	219	199	306	99	1
1	4*1*1*1*1*1	1003	4	1	1	1	1	1	153	181	219	79	1
1	4*1*1*1*1*1	854	4	1	1	1	1	1	220	174	298	124	1
1	4*1*1*1*1*1	904	4	1	1	1	1	1	180	207	254	107	1
1	4*1*1*1*1*1	917	4	1	1	1	1	1	212	211	261	50	1
1	4*1*1*1*1*1	868	4	1	1	1	1	1	198	193	256	153	1
1	4*1*1*1*1*1	899	4	1	1	1	1	1	209	226	236	87	1
1	4*1*1*1*1*1	1027	4	1	1	1	1	1	149	134	230	91	1
1	4*1*1*1*1*1	1015	4	1	1	1	1	1	164	138	190	122	1
1	4*1*1*1*1*1	889	4	1	1	1	1	1	214	205	270	81	1
1	4*1*1*1*1*1	984	4	1	1	1	1	1	193	181	181	96	1
1	4*1*1*1*1*1	1006	4	1	1	1	1	1	197	191	193	48	1
1	4*1*1*1*1*1	1032	4	1	1	1	1	1	168	149	200	82	1
1	4*1*1*1*1*1	1008	4	1	1	1	1	1	189	136	238	65	1
1	4*1*1*1*1*1	982	4	1	1	1	1	1	180	191	194	88	1
1	4*1*1*1*1*1	848	4	1	1	1	1	1	196	253	307	75	1
1	4*1*1*1*1*1	1024	4	1	1	1	1	1	168	167	205	66	1
1	4*1*1*1*1*1	968	4	1	1	1	1	1	205	146	253	59	1
1	4*1*1*1*1*1	1004	4	1	1	1	1	1	168	160	226	77	1
1	4*1*1*1*1*1	867	4	1	1	1	1	1	199	248	282	71	1
1	4*1*1*1*1*1	906	4	1	1	1	1	1	226	250	198	73	1
1	4*1*1*1*1*1	891	4	1	1	1	1	1	213	223	280	53	1
1	4*1*1*1*1*1	913	4	1	1	1	1	1	223	190	268	55	1
1	4*1*1*1*1*1	897	4	1	1	1	1	1	159	252	194	156	1
1	4*1*1*1*1*1	857	4	1	1	1	1	1	209	196	307	101	1
1	4*1*1*1*1*1	1030	4	1	1	1	1	1	143	156	239	64	1
1	4*1*1*1*1*1	1034	4	1	1	1	1	1	131	159	206	101	1
1	4*1*1*1*1*1	910	4	1	1	1	1	1	245	234	231	33	1
1	4*1*1*1*1*1	1033	4	1	1	1	1	1	161	152	223	62	1
1	4*1*1*1*1*1	1031	4	1	1	1	1	1	120	151	234	97	1
1	4*1*1*1*1*1	940	4	1	1	1	1	1	201	208	221	71	1
1	4*1*1*2*1*1	885	4	1	1	2	1	1	209	227	239	106	1
1	4*1*2*1*1*1	997	4	1	2	1	1	1	152	175	212	98	1
1	4*1*2*1*1*1	850	4	1	2	1	1	1	277	228	240	83	1
1	4*1*2*1*1*1	887	4	1	2	1	1	1	212	228	219	121	1
1	4*1*2*1*1*1	893	4	1	2	1	1	1	182	220	247	119	1
1	4*1*2*1*1*1	987	4	1	2	1	1	1	166	182	214	85	1
1	4*1*2*1*1*1	919	4	1	2	1	1	1	174	208	245	103	1
1	4*1*2*1*1*1	1018	4	1	2	1	1	1	146	163	204	98	1
1	4*1*2*1*1*1	967	4	1	2	1	1	1	180	131	251	101	1
1	4*1*2*1*1*1	923	4	1	2	1	1	1	202	244	200	81	1
1	4*2*1*1*1*1	918	4	2	1	1	1	1	215	183	222	113	1
1	4*2*1*1*1*1	847	4	2	1	1	1	1	235	240	270	87	1
1	4*2*1*1*1*1	876	4	2	1	1	1	1	228	203	218	143	1
1	4*2*1*1*1*1	1007	4	2	1	1	1	1	151	144	205	128	1
1	4*2*1*1*1*1	1012	4	2	1	1	1	1	145	147	218	108	1
1	4*2*1*1*1*1	959	4	2	1	1	1	1	171	184	207	110	1
1	4*2*1*1*1*1	951	4	2	1	1	1	1	155	195	231	103	1
1	4*2*1*1*1*1	884	4	2	1	1	1	1	173	185	278	145	1
1	4*2*1*1*1*1	1021	4	2	1	1	1	1	176	164	179	88	1
1	4*2*1*1*1*1	888	4	2	1	1	1	1	174	208	226	165	1
1	4*2*1*2*1*1	890	4	2	1	2	1	1	166	222	253	129	1
1	4*2*1*2*1*1	849	4	2	1	2	1	1	217	281	246	87	1
1	4*2*2*1*1*1	941	4	2	2	1	1	1	169	188	259	80	1
1	4*2*2*2*1*1	971	4	2	2	2	1	1	177	181	174	127	1
1	4*3*1*2*1*1	874	4	3	1	2	1	1	190	172	254	179	1
1	5*1*1*1*1*1	835	5	1	1	1	1	1	242	205	354	64	1
1	5*1*1*1*1*1	743	5	1	1	1	1	1	245	254	398	102	1
1	5*1*1*1*1*1	827	5	1	1	1	1	1	243	233	283	119	1
1	5*1*1*1*1*1	701	5	1	1	1	1	1	296	284	428	105	1
1	5*1*1*1*1*1	795	5	1	1	1	1	1	233	257	290	133	1
1	5*1*1*1*1*1	757	5	1	1	1	1	1	282	308	325	64	1
1	5*1*1*1*1*1	723	5	1	1	1	1	1	337	236	436	39	1
1	5*1*1*1*1*1	796	5	1	1	1	1	1	268	285	308	52	1
1	5*1*1*1*1*1	808	5	1	1	1	1	1	240	256	320	85	1
1	5*1*1*1*1*1	842	5	1	1	1	1	1	281	189	342	35	1
1	5*1*1*1*1*1	698	5	1	1	1	1	1	298	293	346	182	1
1	5*1*1*1*1*1	708	5	1	1	1	1	1	236	344	401	123	1
1	5*1*1*1*1*1	779	5	1	1	1	1	1	272	235	323	112	1
1	5*1*1*1*1*1	818	5	1	1	1	1	1	206	240	332	110	1
1	5*1*1*1*1*1	839	5	1	1	1	1	1	150	249	285	167	1
1	5*1*1*1*1*1	703	5	1	1	1	1	1	280	361	365	103	1
1	5*1*1*1*1*1	782	5	1	1	1	1	1	224	231	326	154	1
1	5*1*1*1*1*1	831	5	1	1	1	1	1	199	203	319	150	1
1	5*1*1*1*1*1	783	5	1	1	1	1	1	237	201	325	172	1
1	5*1*1*1*1*1	761	5	1	1	1	1	1	245	266	316	142	1
1	5*1*1*1*1*1	722	5	1	1	1	1	1	332	310	319	89	1
1	5*1*1*1*1*1	823	5	1	1	1	1	1	217	221	302	143	1
1	5*1*1*1*1*1	747	5	1	1	1	1	1	240	270	328	158	1
1	5*1*1*1*1*1	750	5	1	1	1	1	1	305	257	307	123	1
1	5*1*1*1*1*1	716	5	1	1	1	1	1	305	305	294	177	1
1	5*1*1*1*1*1	817	5	1	1	1	1	1	189	229	329	147	1
1	5*1*1*1*1*2	803	5	1	1	1	1	2	232	260	297	115	1
1	5*1*2*1*1*1	713	5	1	2	1	1	1	331	312	333	115	6
1	5*1*2*1*1*1	706	5	1	2	1	1	1	341	258	377	131	6
1	5*1*2*1*1*1	843	5	1	2	1	1	1	184	217	306	137	6
1	5*1*2*1*1*1	768	5	1	2	1	1	1	212	274	330	146	6
1	5*1*2*1*1*1	792	5	1	2	1	1	1	230	279	300	108	6
1	5*1*2*1*1*1	766	5	1	2	1	1	1	232	249	353	131	6
1	5*2*1*1*1*1	786	5	2	1	1	1	1	263	252	273	142	6
1	5*2*1*1*1*1	727	5	2	1	1	1	1	264	270	398	105	6
1	5*2*1*1*1*1	740	5	2	1	1	1	1	278	306	344	82	6
1	5*2*1*1*1*1	793	5	2	1	1	1	1	200	223	325	166	6
1	5*2*1*1*1*1	736	5	2	1	1	1	1	230	237	348	205	6
1	5*2*1*1*1*1	725	5	2	1	1	1	1	264	333	362	84	6
1	5*2*1*1*2*1	749	5	2	1	1	2	1	212	234	353	194	1
1	5*2*1*2*1*1	815	5	2	1	2	1	1	198	210	281	208	1
1	5*2*1*2*1*1	705	5	2	1	2	1	1	248	289	375	195	1
1	5*2*2*1*1*1	838	5	2	2	1	1	1	201	231	289	137	1
1	5*2*2*1*1*1	760	5	2	2	1	1	1	288	253	297	132	1
1	5*2*2*2*1*1	809	5	2	2	2	1	1	168	213	302	218	1
1	5*3*2*2*2*1	717	5	3	2	2	2	1	203	230	365	277	1
1	6*1*1*1*1*1	541	6	1	1	1	1	1	401	357	550	191	6
1	6*1*1*1*1*1	542	6	1	1	1	1	1	399	358	576	161	6
1	6*1*1*1*1*1	596	6	1	1	1	1	1	366	415	390	148	6
1	6*1*1*1*1*1	544	6	1	1	1	1	1	380	414	472	225	6
1	6*1*1*1*1*1	553	6	1	1	1	1	1	343	495	445	171	6
1	6*1*1*1*1*1	616	6	1	1	1	1	1	302	400	470	115	6
1	6*1*1*1*1*1	564	6	1	1	1	1	1	358	345	513	206	6
1	6*1*1*1*1*1	669	6	1	1	1	1	1	321	337	425	94	6
1	6*1*1*1*1*1	650	6	1	1	1	1	1	293	334	351	246	6
1	6*1*1*1*1*1	554	6	1	1	1	1	1	392	370	562	129	6
1	6*1*1*1*1*1	673	6	1	1	1	1	1	289	364	347	167	6
1	6*1*1*1*1*1	686	6	1	1	1	1	1	321	264	445	115	6
1	6*1*1*1*1*1	592	6	1	1	1	1	1	300	368	453	214	6
1	6*1*1*1*1*1	569	6	1	1	1	1	1	314	377	519	193	6
1	6*1*1*1*1*1	649	6	1	1	1	1	1	313	285	506	123	6
1	6*1*1*1*1*1	617	6	1	1	1	1	1	299	326	475	186	6
1	6*1*1*1*1*2	590	6	1	1	1	1	2	311	397	455	173	6
1	6*1*2*1*1*1	620	6	1	2	1	1	1	384	312	474	109	6
1	6*1*2*1*1*1	618	6	1	2	1	1	1	394	404	396	90	6
1	6*1*2*1*1*1	685	6	1	2	1	1	1	331	289	350	176	6
1	6*2*1*1*1*1	609	6	2	1	1	1	1	319	377	402	203	6
1	6*2*1*1*1*1	683	6	2	1	1	1	1	307	288	353	201	6
1	6*2*1*1*1*1	659	6	2	1	1	1	1	261	342	394	201	6
1	6*2*1*1*1*1	632	6	2	1	1	1	1	328	370	386	170	6
1	6*2*1*1*1*1	601	6	2	1	1	1	1	396	331	383	199	6
1	6*2*1*1*1*1	600	6	2	1	1	1	1	316	333	413	249	6
1	6*2*1*2*1*1	563	6	2	1	2	1	1	311	445	468	204	6
1	6*2*1*2*1*1	560	6	2	1	2	1	1	343	444	510	134	6
1	6*2*2*1*1*1	678	6	2	2	1	1	1	295	299	395	170	6
1	6*2*2*1*1*1	584	6	2	2	1	1	1	340	365	431	217	6
1	6*2*2*1*1*1	556	6	2	2	1	1	1	362	402	424	261	6
1	6*2*2*2*1*1	583	6	2	2	2	1	1	329	385	434	209	6
1	6*3*1*2*1*1	612	6	3	1	2	1	1	261	338	428	267	6
1	6*3*1*2*1*1	606	6	3	1	2	1	1	307	306	415	276	6
1	6*3*2*2*2*1	603	6	3	2	2	2	1	243	322	450	292	2
1	7*1*1*1*1*1	441	7	1	1	1	1	1	424	479	763	271	6
1	7*1*1*1*1*1	513	7	1	1	1	1	1	418	449	481	249	6
1	7*1*1*1*1*1	476	7	1	1	1	1	1	497	547	581	111	6
1	7*1*1*1*1*1	432	7	1	1	1	1	1	482	605	687	218	6
1	7*1*1*1*1*1	435	7	1	1	1	1	1	487	524	739	213	6
1	7*1*1*1*1*1	452	7	1	1	1	1	1	459	532	601	280	6
1	7*1*1*1*1*1	465	7	1	1	1	1	1	454	522	588	232	6
1	7*1*1*1*1*1	462	7	1	1	1	1	1	361	458	640	339	6
1	7*1*1*1*1*1	446	7	1	1	1	1	1	433	460	613	394	6
1	7*1*1*1*1*1	461	7	1	1	1	1	1	518	439	705	139	6
1	7*1*1*1*1*1	483	7	1	1	1	1	1	467	392	637	186	6
1	7*1*1*1*1*1	496	7	1	1	1	1	1	420	516	555	155	6
1	7*1*2*1*1*1	482	7	1	2	1	1	1	432	462	598	204	6
1	7*1*2*1*1*1	538	7	1	2	1	1	1	419	468	421	211	6
1	7*1*2*1*1*1	479	7	1	2	1	1	1	435	514	545	234	6
1	7*1*3*1*1*1	480	7	1	3	1	1	1	453	465	589	197	6
1	7*1*3*1*1*2	497	7	1	3	1	1	2	412	492	515	225	6
1	7*2*1*1*1*1	453	7	2	1	1	1	1	469	507	602	288	6
1	7*2*1*1*1*1	522	7	2	1	1	1	1	383	430	532	217	6
1	7*2*1*1*1*1	484	7	2	1	1	1	1	418	466	560	228	6
1	7*2*1*2*1*1	510	7	2	1	2	1	1	422	420	571	188	6
1	7*2*1*2*1*1	518	7	2	1	2	1	1	462	486	480	154	6
1	7*3*1*1*1*1	477	7	3	1	1	1	1	412	490	573	256	6
1	7*3*1*2*2*1	459	7	3	1	2	2	1	534	425	669	183	6
1	7*3*2*3*1*1	534	7	3	2	3	1	1	371	423	486	242	6
1	8*1*1*1*1*1	378	8	1	1	1	1	1	518	665	732	368	6
1	8*1*1*1*1*1	421	8	1	1	1	1	1	430	544	613	454	6
1	8*1*1*1*1*1	372	8	1	1	1	1	1	480	624	804	397	6
1	8*1*1*1*1*1	410	8	1	1	1	1	1	399	464	737	479	6
1	8*1*1*1*1*1	380	8	1	1	1	1	1	569	753	746	190	6
1	8*1*1*1*1*1	361	8	1	1	1	1	1	575	682	858	243	6
1	8*1*1*1*1*1	367	8	1	1	1	1	1	639	626	732	334	6
1	8*1*1*1*1*1	424	8	1	1	1	1	1	551	586	621	272	6
1	8*1*1*1*1*1	423	8	1	1	1	1	1	576	485	690	280	6
1	8*1*1*1*1*2	409	8	1	1	1	1	2	466	564	811	244	6
1	8*1*1*1*1*2	387	8	1	1	1	1	2	541	629	689	362	6
1	8*1*1*1*1*2	376	8	1	1	1	1	2	639	801	698	151	6
1	8*1*1*1*2*1	366	8	1	1	1	2	1	669	505	804	355	6
1	8*1*1*1*2*1	399	8	1	1	1	2	1	587	494	836	254	6
1	8*1*1*1*2*1	360	8	1	1	1	2	1	626	601	896	237	6
1	8*1*1*1*2*1	320	8	1	1	1	2	1	753	677	956	262	6
1	8*1*2*1*1*1	331	8	1	2	1	1	1	600	738	840	392	6
1	8*1*2*1*1*1	379	8	1	2	1	1	1	617	613	694	354	6
1	8*1*2*1*1*1	332	8	1	2	1	1	1	707	832	788	231	6
1	8*1*2*1*1*1	408	8	1	2	1	1	1	544	620	738	192	6
1	8*1*2*1*2*1	326	8	1	2	1	2	1	719	633	1037	214	6
1	8*1*2*1*2*1	328	8	1	2	1	2	1	532	767	816	486	6
1	8*1*3*1*1*2	335	8	1	3	1	1	2	627	706	828	383	6
1	8*2*1*1*1*1	374	8	2	1	1	1	1	605	738	664	288	6
1	8*2*1*1*1*1	359	8	2	1	1	1	1	598	806	695	265	6
1	8*2*1*1*2*1	318	8	2	1	1	2	1	639	728	868	422	6
1	8*2*2*1*1*1	403	8	2	2	1	1	1	447	577	722	382	6
1	8*2*2*1*2*1	341	8	2	2	1	2	1	548	642	823	484	6
1	8*2*2*1*2*1	391	8	2	2	1	2	1	491	618	724	364	6
1	8*2*3*1*1*2	362	8	2	3	1	1	2	593	731	722	293	6
1	8*3*1*2*1*1	373	8	3	1	2	1	1	600	670	679	355	6
1	8*3*2*2*2*1	322	8	3	2	2	2	1	713	693	804	420	6
1	9*1*1*1*1*1	271	9	1	1	1	1	1	792	1023	1004	249	2
1	9*1*1*1*1*1	287	9	1	1	1	1	1	743	913	1010	273	2
1	9*1*1*1*1*1	291	9	1	1	1	1	1	504	747	1196	467	2
1	9*1*1*1*1*1	302	9	1	1	1	1	1	659	909	978	236	2
1	9*1*1*1*1*1	259	9	1	1	1	1	1	703	927	1065	505	2
1	9*1*1*1*1*1	273	9	1	1	1	1	1	775	740	1110	408	2
1	9*1*1*1*1*1	311	9	1	1	1	1	1	575	696	964	476	2
1	9*1*1*1*2*1	275	9	1	1	1	2	1	706	754	1088	461	2
1	9*1*1*1*2*1	280	9	1	1	1	2	1	602	1121	865	375	2
1	9*1*1*1*2*1	244	9	1	1	1	2	1	714	847	1119	677	2
1	9*1*1*1*2*1	263	9	1	1	1	2	1	760	932	1147	294	2
1	9*1*2*1*1*1	304	9	1	2	1	1	1	711	745	875	428	2
1	9*1*2*1*1*2	301	9	1	2	1	1	2	787	900	822	276	2
1	9*1*2*1*2*1	268	9	1	2	1	2	1	730	789	1184	381	2
1	9*1*3*1*2*3	300	9	1	3	1	2	3	692	831	955	307	2
1	9*2*1*1*2*1	277	9	2	1	1	2	1	1024	870	770	334	2
1	9*2*2*1*1*1	257	9	2	2	1	1	1	787	841	991	628	2
1	9*2*2*1*2*2	247	9	2	2	1	2	2	774	923	1070	545	2
1	9*2*2*2*1*2	281	9	2	2	2	1	2	797	780	938	445	2
1	9*2*2*2*2*1	276	9	2	2	2	2	1	626	758	1059	558	2
1	9*3*2*1*2*1	243	9	3	2	1	2	1	806	897	1114	544	2
1	9*3*3*3*2*1	284	9	3	3	3	2	1	705	689	921	634	2
2	1*1*1*1*1*1	1556	1	1	1	1	1	1	56	51	76	29	1
2	1*1*1*1*1*1	1678	1	1	1	1	1	1	32	31	49	30	1
2	1*1*1*1*1*1	1719	1	1	1	1	1	1	38	29	36	13	1
2	1*1*1*1*1*1	1599	1	1	1	1	1	1	37	62	74	17	1
2	1*1*1*1*1*1	1802	1	1	1	1	1	1	14	12	19	5	1
2	1*1*1*1*1*1	1682	1	1	1	1	1	1	29	34	52	21	1
2	1*1*1*1*1*1	1562	1	1	1	1	1	1	47	71	60	32	1
2	1*1*1*1*1*1	1684	1	1	1	1	1	1	31	54	39	12	1
2	1*1*1*1*1*1	1604	1	1	1	1	1	1	46	43	72	26	1
2	1*1*1*1*1*1	1565	1	1	1	1	1	1	44	60	53	50	1
2	1*1*1*1*1*1	1687	1	1	1	1	1	1	39	26	55	16	1
2	1*1*1*1*1*1	1567	1	1	1	1	1	1	48	61	66	30	1
2	1*1*1*1*1*1	1568	1	1	1	1	1	1	61	42	70	32	1
2	1*1*1*1*1*1	1811	1	1	1	1	1	1	15	11	11	2	1
2	1*1*1*1*1*1	1570	1	1	1	1	1	1	68	75	39	20	1
2	1*1*1*1*1*1	1611	1	1	1	1	1	1	43	47	64	29	1
2	1*1*1*1*1*1	1572	1	1	1	1	1	1	67	65	44	25	1
2	1*1*1*1*1*1	1734	1	1	1	1	1	1	35	23	36	15	1
2	1*1*1*1*1*1	1695	1	1	1	1	1	1	22	31	53	23	1
2	1*1*1*1*1*1	1615	1	1	1	1	1	1	48	45	67	19	1
2	1*1*1*1*1*1	1576	1	1	1	1	1	1	54	47	62	36	1
2	1*1*1*1*1*1	1698	1	1	1	1	1	1	33	41	38	15	1
2	1*1*1*1*1*1	1820	1	1	1	1	1	1	10	5	11	7	1
2	1*1*1*1*1*1	1579	1	1	1	1	1	1	58	37	71	32	1
2	1*1*1*1*1*1	1580	1	1	1	1	1	1	42	54	77	24	1
2	1*1*1*1*1*1	1581	1	1	1	1	1	1	59	51	61	26	1
2	1*1*1*1*1*1	1582	1	1	1	1	1	1	76	38	47	36	1
2	1*1*1*1*1*1	1704	1	1	1	1	1	1	32	40	36	15	1
2	1*1*1*1*1*1	1584	1	1	1	1	1	1	55	57	51	34	1
2	1*1*1*1*1*1	1706	1	1	1	1	1	1	29	33	40	20	1
2	1*1*1*1*1*1	1586	1	1	1	1	1	1	49	43	87	17	1
2	1*1*1*1*1*1	1748	1	1	1	1	1	1	18	46	21	12	1
2	1*1*1*1*1*1	1628	1	1	1	1	1	1	28	47	70	26	1
2	1*1*1*1*1*1	1750	1	1	1	1	1	1	17	26	29	23	1
2	1*1*1*1*1*1	1590	1	1	1	1	1	1	41	52	63	39	1
2	1*1*1*1*1*1	1591	1	1	1	1	1	1	52	52	56	35	1
2	1*1*1*1*1*1	1632	1	1	1	1	1	1	41	49	49	30	1
2	1*1*1*1*1*1	1794	1	1	1	1	1	1	10	20	19	8	1
2	1*1*1*1*1*1	1594	1	1	1	1	1	1	62	57	55	19	1
2	1*1*1*1*1*1	1635	1	1	1	1	1	1	31	54	49	33	1
2	1*1*1*1*1*1	1596	1	1	1	1	1	1	49	44	73	25	1
2	1*1*1*1*1*1	1597	1	1	1	1	1	1	48	43	65	34	1
2	1*1*1*1*1*1	1638	1	1	1	1	1	1	42	39	54	31	1
2	1*1*1*1*1*1	1639	1	1	1	1	1	1	36	43	56	29	1
2	1*1*1*1*1*1	1721	1	1	1	1	1	1	20	35	44	16	1
2	1*1*1*1*1*1	1601	1	1	1	1	1	1	58	48	58	25	1
2	1*1*1*1*1*1	1602	1	1	1	1	1	1	50	46	65	28	1
2	1*1*1*1*1*1	1603	1	1	1	1	1	1	47	52	57	32	1
2	1*1*1*1*1*1	1765	1	1	1	1	1	1	27	16	27	11	1
2	1*1*1*1*1*1	1605	1	1	1	1	1	1	56	34	61	36	1
2	1*1*1*1*1*1	1727	1	1	1	1	1	1	15	39	40	18	1
2	1*1*1*1*1*1	1620	1	1	1	1	1	1	56	54	50	15	1
2	1*1*1*1*1*1	1608	1	1	1	1	1	1	39	57	54	34	1
2	1*1*1*1*1*1	1649	1	1	1	1	1	1	48	32	53	24	1
2	1*1*1*1*1*1	1610	1	1	1	1	1	1	37	52	72	22	1
2	1*1*1*1*1*1	1651	1	1	1	1	1	1	39	48	50	19	1
2	1*1*1*1*1*1	1733	1	1	1	1	1	1	33	32	34	10	1
2	1*1*1*1*1*1	1774	1	1	1	1	1	1	19	22	20	10	1
2	1*1*1*1*1*1	1614	1	1	1	1	1	1	52	47	57	23	1
2	1*1*1*1*1*1	1816	1	1	1	1	1	1	5	13	15	2	1
2	1*1*1*1*1*1	1616	1	1	1	1	1	1	48	58	58	15	1
2	1*1*1*1*1*1	1737	1	1	1	1	1	1	30	27	36	14	1
2	1*1*1*1*1*1	1618	1	1	1	1	1	1	54	49	50	24	1
2	1*1*1*1*1*1	1780	1	1	1	1	1	1	21	19	23	4	1
2	1*1*1*1*1*1	1646	1	1	1	1	1	1	33	49	57	19	1
2	1*1*1*1*1*1	1621	1	1	1	1	1	1	43	43	61	27	1
2	1*1*1*1*1*1	1622	1	1	1	1	1	1	46	47	57	23	1
2	1*1*1*1*1*1	1623	1	1	1	1	1	1	42	58	46	27	1
2	1*1*1*1*1*1	1664	1	1	1	1	1	1	37	43	57	13	1
2	1*1*1*1*1*1	1665	1	1	1	1	1	1	32	31	54	32	1
2	1*1*1*1*1*1	1626	1	1	1	1	1	1	50	44	53	24	1
2	1*1*1*1*1*1	1788	1	1	1	1	1	1	23	15	15	10	1
2	1*1*1*1*1*1	1668	1	1	1	1	1	1	43	47	42	15	1
2	1*1*1*1*1*1	1789	1	1	1	1	1	1	24	15	10	12	1
2	1*1*1*1*1*1	1751	1	1	1	1	1	1	22	17	33	20	1
2	1*1*1*1*1*1	1752	1	1	1	1	1	1	20	22	29	20	1
2	1*1*1*1*1*1	1793	1	1	1	1	1	1	19	20	14	6	1
2	1*1*1*1*1*1	1739	1	1	1	1	1	1	21	34	31	19	1
2	1*1*1*1*1*1	1634	1	1	1	1	1	1	49	44	51	24	1
2	1*1*1*1*1*1	1675	1	1	1	1	1	1	49	24	45	25	1
2	1*1*1*1*1*1	1636	1	1	1	1	1	1	42	64	43	18	1
2	1*1*1*1*1*1	1637	1	1	1	1	1	1	50	50	44	22	1
2	1*1*1*1*1*1	1799	1	1	1	1	1	1	10	14	16	11	1
2	1*1*1*1*1*1	1759	1	1	1	1	1	1	27	25	17	16	1
2	1*1*1*1*1*1	1760	1	1	1	1	1	1	16	23	33	12	1
2	1*1*1*1*1*1	1654	1	1	1	1	1	1	34	51	45	24	1
2	1*1*1*1*1*1	1763	1	1	1	1	1	1	27	18	28	8	1
2	1*1*1*1*1*1	1683	1	1	1	1	1	1	31	34	29	42	1
2	1*1*1*1*1*1	1805	1	1	1	1	1	1	19	15	9	5	1
2	1*1*1*1*1*1	1766	1	1	1	1	1	1	16	21	32	11	1
2	1*1*1*1*1*1	1712	1	1	1	1	1	1	35	26	50	10	1
2	1*1*1*1*1*1	1660	1	1	1	1	1	1	44	37	45	25	1
2	1*1*1*1*1*1	1648	1	1	1	1	1	1	55	44	40	18	1
2	1*1*1*1*1*1	1810	1	1	1	1	1	1	17	10	12	6	1
2	1*1*1*1*1*1	1650	1	1	1	1	1	1	43	32	57	25	1
2	1*1*1*1*1*1	1812	1	1	1	1	1	1	7	9	19	3	1
2	1*1*1*1*1*1	1732	1	1	1	1	1	1	23	30	47	9	1
2	1*1*1*1*1*1	1693	1	1	1	1	1	1	48	34	39	9	1
2	1*1*1*1*1*1	1707	1	1	1	1	1	1	24	39	36	23	1
2	1*1*1*1*1*1	1747	1	1	1	1	1	1	27	31	33	7	1
2	1*1*1*1*1*1	1656	1	1	1	1	1	1	34	46	56	18	1
2	1*1*1*1*1*1	1670	1	1	1	1	1	1	33	52	45	15	1
2	1*1*1*1*1*1	1779	1	1	1	1	1	1	12	15	25	15	1
2	1*1*1*1*1*1	1663	1	1	1	1	1	1	48	39	41	22	1
2	1*1*1*1*1*1	1726	1	1	1	1	1	1	21	38	34	20	1
2	1*1*1*1*1*1	1661	1	1	1	1	1	1	56	38	43	14	1
2	1*1*1*1*1*1	1742	1	1	1	1	1	1	24	32	32	13	1
2	1*1*1*1*1*1	1792	1	1	1	1	1	1	17	16	20	6	1
2	1*1*1*1*1*1	1703	1	1	1	1	1	1	37	31	32	24	1
2	1*1*1*1*1*1	1705	1	1	1	1	1	1	31	36	42	14	1
2	1*1*1*1*1*1	1786	1	1	1	1	1	1	17	23	18	5	1
2	1*1*1*1*1*1	1688	1	1	1	1	1	1	35	30	44	24	1
2	1*1*1*1*1*1	1797	1	1	1	1	1	1	15	12	18	7	1
2	1*1*1*1*1*1	1803	1	1	1	1	1	1	19	15	10	6	1
2	1*1*1*1*1*1	1723	1	1	1	1	1	1	33	31	41	8	1
2	1*1*1*1*1*1	1772	1	1	1	1	1	1	27	26	14	7	1
2	1*1*1*1*1*1	1822	1	1	1	1	1	1	11	9	7	3	1
2	1*1*1*1*1*1	1756	1	1	1	1	1	1	23	29	23	12	1
2	1*1*1*1*1*1	1795	1	1	1	1	1	1	14	10	24	5	1
2	1*1*1*1*1*1	1731	1	1	1	1	1	1	34	30	31	14	1
2	1*1*1*1*1*1	1785	1	1	1	1	1	1	18	16	17	13	1
2	1*1*1*1*1*1	1729	1	1	1	1	1	1	33	28	34	16	1
2	1*1*1*1*1*1	1718	1	1	1	1	1	1	30	27	40	19	1
2	1*1*1*1*1*1	1796	1	1	1	1	1	1	7	19	18	8	1
2	1*1*1*1*1*1	1771	1	1	1	1	1	1	13	25	21	15	1
2	1*1*1*1*1*1	1782	1	1	1	1	1	1	14	22	26	4	1
2	1*2*1*1*1*1	1761	1	2	1	1	1	1	22	25	24	13	1
2	1*2*1*1*1*1	1720	1	2	1	1	1	1	26	32	41	16	1
2	1*2*1*1*1*1	1607	1	2	1	1	1	1	60	36	58	30	1
2	1*2*1*1*1*1	1767	1	2	1	1	1	1	31	25	14	9	1
2	1*2*1*1*1*1	1690	1	2	1	1	1	1	33	35	43	21	1
2	1*2*1*1*1*1	1686	1	2	1	1	1	1	31	36	40	29	1
2	1*2*1*1*1*1	1645	1	2	1	1	1	1	43	59	38	18	1
2	1*2*1*2*1*1	1696	1	2	1	2	1	1	44	25	37	22	1
2	1*2*2*1*1*1	1558	1	2	2	1	1	1	61	55	64	32	1
2	10*1*1*1*1*1	216	10	1	1	1	1	1	933	1067	1187	588	2
2	10*1*1*1*1*1	218	10	1	1	1	1	1	945	920	1131	765	2
2	10*1*1*1*1*1	215	10	1	1	1	1	1	828	835	1474	665	2
2	10*1*1*1*1*1	220	10	1	1	1	1	1	863	1030	1288	529	2
2	10*1*1*1*1*1	222	10	1	1	1	1	1	858	1060	1139	614	2
2	10*1*1*1*1*1	232	10	1	1	1	1	1	843	1101	1301	339	2
2	10*1*1*1*1*2	228	10	1	1	1	1	2	838	990	1339	444	3
2	10*1*1*1*1*2	201	10	1	1	1	1	2	824	1130	1377	680	3
2	10*1*1*1*1*2	179	10	1	1	1	1	2	1024	1293	1449	607	3
2	10*1*1*1*1*2	214	10	1	1	1	1	2	897	1148	1209	548	3
2	10*1*1*1*2*1	176	10	1	1	1	2	1	939	1103	1578	839	3
2	10*1*1*1*2*1	213	10	1	1	1	2	1	681	877	1264	999	3
2	10*1*1*1*2*1	208	10	1	1	1	2	1	923	1035	1237	719	3
2	10*1*2*1*1*1	190	10	1	2	1	1	1	1048	1166	1442	571	3
2	10*1*2*1*1*1	203	10	1	2	1	1	1	934	1082	1475	508	3
2	10*1*2*1*1*2	204	10	1	2	1	1	2	998	1239	1190	537	3
2	10*1*2*1*1*2	211	10	1	2	1	1	2	1087	1188	1178	439	3
2	10*1*2*1*2*1	202	10	1	2	1	2	1	1043	1140	1322	496	2
2	10*1*2*1*2*1	229	10	1	2	1	2	1	902	927	1224	550	2
2	10*1*2*1*2*2	174	10	1	2	1	2	2	1093	1461	1418	545	3
2	10*1*2*1*2*2	177	10	1	2	1	2	2	1275	1237	1333	592	3
2	10*1*2*1*2*2	230	10	1	2	1	2	2	911	909	1124	656	3
2	10*1*3*1*2*2	223	10	1	3	1	2	2	901	1015	1161	572	2
2	10*2*2*1*1*1	206	10	2	2	1	1	1	1002	1088	1200	640	3
2	10*2*2*1*2*1	194	10	2	2	1	2	1	984	1156	1410	628	3
2	10*2*2*1*2*1	195	10	2	2	1	2	1	926	1022	1289	928	3
2	10*2*2*3*2*1	227	10	2	2	3	2	1	958	1063	1016	597	2
2	10*2*3*1*2*1	181	10	2	3	1	2	1	945	1185	1570	662	3
2	10*2*3*1*2*1	205	10	2	3	1	2	1	1007	1070	1239	641	3
2	10*3*2*2*2*1	175	10	3	2	2	2	1	888	1019	1486	1103	3
2	10*3*2*2*2*2	178	10	3	2	2	2	2	1101	1271	1423	594	3
2	10*3*2*3*2*1	198	10	3	2	3	2	1	857	1305	1242	665	3
2	11*1*1*1*1*1	145	11	1	1	1	1	1	1192	1752	1759	592	3
2	11*1*1*1*1*1	137	11	1	1	1	1	1	1179	1653	1581	974	3
2	11*1*1*1*1*2	163	11	1	1	1	1	2	1118	1290	1563	790	3
2	11*1*1*1*1*2	168	11	1	1	1	1	2	1095	1348	1390	861	3
2	11*1*1*1*1*2	173	11	1	1	1	1	2	996	1280	1465	838	3
2	11*1*1*1*1*2	170	11	1	1	1	1	2	1205	1198	1525	687	3
2	11*1*1*1*1*2	133	11	1	1	1	1	2	1380	1602	1841	706	3
2	11*1*1*1*1*2	152	11	1	1	1	1	2	1212	1347	1725	743	3
2	11*1*1*1*2*1	125	11	1	1	1	2	1	1250	1548	2091	997	3
2	11*1*1*1*2*1	126	11	1	1	1	2	1	1442	1737	1823	808	3
2	11*1*1*1*2*1	156	11	1	1	1	2	1	1184	1270	1724	719	3
2	11*1*1*1*2*2	141	11	1	1	1	2	2	1174	1405	1779	980	3
2	11*1*1*1*2*2	150	11	1	1	1	2	2	988	1627	1604	900	3
2	11*1*2*1*1*1	155	11	1	2	1	1	1	1321	1492	1547	556	3
2	11*1*2*1*2*1	146	11	1	2	1	2	1	1289	1361	1891	703	3
2	11*1*2*1*2*1	131	11	1	2	1	2	1	1290	1670	1744	874	3
2	11*1*2*1*2*1	165	11	1	2	1	2	1	1096	1325	1612	688	3
2	11*1*2*1*2*1	172	11	1	2	1	2	1	1080	1258	1498	770	3
2	11*1*2*1*2*2	128	11	1	2	1	2	2	1409	1512	2012	769	3
2	11*1*3*1*2*2	158	11	1	3	1	2	2	1147	1254	1463	961	3
2	11*2*1*1*1*1	147	11	2	1	1	1	1	1078	1423	1675	1025	3
2	11*2*2*1*2*1	124	11	2	2	1	2	1	1246	1233	2363	1051	3
2	11*2*2*1*2*1	160	11	2	2	1	2	1	1018	1272	1346	1171	3
2	11*2*2*1*2*2	143	11	2	2	1	2	2	1273	1579	1772	687	3
2	11*2*2*1*2*2	132	11	2	2	1	2	2	1377	1569	1707	921	3
2	11*2*2*2*2*2	164	11	2	2	2	2	2	1128	1289	1492	814	3
2	11*2*3*1*2*1	171	11	2	3	1	2	1	1019	1118	1625	852	3
2	11*3*3*2*2*2	144	11	3	3	2	2	2	1392	1382	1563	970	3
2	12*1*1*1*1*1	102	12	1	1	1	1	1	1217	1778	2307	1496	4
2	12*1*1*1*2*1	118	12	1	1	1	2	1	1437	1711	1971	1054	3
2	12*1*1*1*2*2	98	12	1	1	1	2	2	1803	2219	2406	756	4
2	12*1*2*1*2*2	89	12	1	2	1	2	2	1688	2139	2422	1354	4
2	12*1*3*1*2*2	105	12	1	3	1	2	2	1600	2048	2266	798	4
2	12*2*1*1*2*2	87	12	2	1	1	2	2	1749	2105	2450	1397	4
2	12*2*2*1*2*2	103	12	2	2	1	2	2	1483	1855	2165	1250	4
2	12*2*3*1*2*2	116	12	2	3	1	2	2	1617	1653	2029	906	3
2	12*3*3*3*2*1	106	12	3	3	3	2	1	1887	1777	1970	1027	4
2	12*3*3*3*2*2	99	12	3	3	3	2	2	1679	2140	2031	1064	4
2	13*1*1*1*2*2	77	13	1	1	1	2	2	1957	2802	2845	1318	4
2	13*1*1*1*2*2	70	13	1	1	1	2	2	2407	3010	2902	1020	4
2	13*1*1*1*2*2	68	13	1	1	1	2	2	1975	2687	3104	1671	4
2	13*1*2*1*2*2	67	13	1	2	1	2	2	2411	2876	3272	1050	4
2	13*1*3*1*2*2	71	13	1	3	1	2	2	2170	2561	3199	1263	4
2	13*2*3*1*2*1	76	13	2	3	1	2	1	2103	2042	3617	1190	4
2	13*3*3*1*2*2	72	13	3	3	1	2	2	2245	2349	2800	1754	4
2	14*1*1*1*2*1	45	14	1	1	1	2	1	2288	2725	4977	2581	4
2	14*1*1*1*2*2	52	14	1	1	1	2	2	2168	3066	4135	1622	4
2	14*1*2*1*2*2	54	14	1	2	1	2	2	2503	2863	3886	1685	4
2	14*1*2*1*2*2	51	14	1	2	1	2	2	2812	3445	3253	1639	4
2	14*1*2*1*2*2	47	14	1	2	1	2	2	2663	3083	3960	2321	4
2	14*1*2*1*2*3	57	14	1	2	1	2	3	2536	3374	3439	1310	4
2	14*1*3*1*2*2	55	14	1	3	1	2	2	2456	2927	3992	1520	4
2	14*2*2*1*2*2	50	14	2	2	1	2	2	2481	3189	3691	1992	4
2	14*2*2*1*2*2	58	14	2	2	1	2	2	2369	2678	3299	2183	4
2	15*1*1*1*2*2	31	15	1	1	1	2	2	2926	4512	4886	3165	4
2	15*1*1*1*2*2	33	15	1	1	1	2	2	3041	4619	5444	2348	4
2	15*1*1*1*2*3	23	15	1	1	1	2	3	3094	5008	5037	3618	4
2	15*1*2*1*2*2	37	15	1	2	1	2	2	3081	4009	4644	2615	4
2	15*2*2*1*2*2	30	15	2	2	1	2	2	3233	4118	5183	3404	4
2	15*2*2*1*2*2	40	15	2	2	1	2	2	3154	3982	4457	2485	4
2	15*2*2*1*2*3	35	15	2	2	1	2	3	3119	4070	4707	2818	4
2	17*1*1*1*2*2	9	17	1	1	1	2	2	6862	13231	10142	5312	5
2	17*1*2*1*3*3	6	17	1	2	1	3	3	8128	11265	13301	7683	5
2	17*2*1*1*2*2	10	17	2	1	1	2	2	6356	11204	9576	5778	5
2	17*2*1*1*3*3	5	17	2	1	1	3	3	9127	14825	15140	9563	5
2	17*2*3*1*3*2	7	17	2	3	1	3	2	7861	10452	12892	6577	5
2	17*2*3*2*3*2	8	17	2	3	2	3	2	8319	10551	11258	6888	5
2	18*2*3*1*3*3	3	18	2	3	1	3	3	19399	44263	39397	25575	6
2	2*1*1*1*1*1	1266	2	1	1	1	1	1	114	111	129	36	1
2	2*1*1*1*1*1	1267	2	1	1	1	1	1	98	94	138	60	1
2	2*1*1*1*1*1	1389	2	1	1	1	1	1	90	92	96	36	1
2	2*1*1*1*1*1	1269	2	1	1	1	1	1	82	102	148	57	1
2	2*1*1*1*1*1	1512	2	1	1	1	1	1	65	63	73	37	1
2	2*1*1*1*1*1	1513	2	1	1	1	1	1	55	61	87	35	1
2	2*1*1*1*1*1	1514	2	1	1	1	1	1	84	67	67	19	1
2	2*1*1*1*1*1	1313	2	1	1	1	1	1	80	103	103	70	1
2	2*1*1*1*1*1	1354	2	1	1	1	1	1	89	90	104	50	1
2	2*1*1*1*1*1	1275	2	1	1	1	1	1	88	102	132	60	1
2	2*1*1*1*1*1	1397	2	1	1	1	1	1	96	76	85	52	1
2	2*1*1*1*1*1	1519	2	1	1	1	1	1	64	61	85	25	1
2	2*1*1*1*1*1	1358	2	1	1	1	1	1	69	86	122	54	1
2	2*1*1*1*1*1	1279	2	1	1	1	1	1	124	113	102	39	1
2	2*1*1*1*1*1	1280	2	1	1	1	1	1	129	88	104	57	1
2	2*1*1*1*1*1	1281	2	1	1	1	1	1	133	108	96	40	1
2	2*1*1*1*1*1	1282	2	1	1	1	1	1	56	59	74	188	1
2	2*1*1*1*1*1	1323	2	1	1	1	1	1	118	80	101	50	1
2	2*1*1*1*1*1	1445	2	1	1	1	1	1	69	88	87	30	1
2	2*1*1*1*1*1	1406	2	1	1	1	1	1	78	96	88	40	1
2	2*1*1*1*1*1	1447	2	1	1	1	1	1	58	76	103	35	1
2	2*1*1*1*1*1	1287	2	1	1	1	1	1	106	80	136	50	1
2	2*1*1*1*1*1	1368	2	1	1	1	1	1	103	77	110	38	1
2	2*1*1*1*1*1	1289	2	1	1	1	1	1	84	87	118	82	1
2	2*1*1*1*1*1	1532	2	1	1	1	1	1	34	48	89	58	1
2	2*1*1*1*1*1	1412	2	1	1	1	1	1	80	94	79	44	1
2	2*1*1*1*1*1	1413	2	1	1	1	1	1	75	71	108	42	1
2	2*1*1*1*1*1	1373	2	1	1	1	1	1	90	78	100	54	1
2	2*1*1*1*1*1	1294	2	1	1	1	1	1	103	78	125	62	1
2	2*1*1*1*1*1	1416	2	1	1	1	1	1	100	73	92	28	1
2	2*1*1*1*1*1	1417	2	1	1	1	1	1	89	75	78	51	1
2	2*1*1*1*1*1	1418	2	1	1	1	1	1	51	65	114	62	1
2	2*1*1*1*1*1	1298	2	1	1	1	1	1	121	99	108	38	1
2	2*1*1*1*1*1	1460	2	1	1	1	1	1	69	77	91	28	1
2	2*1*1*1*1*1	1501	2	1	1	1	1	1	63	74	76	32	1
2	2*1*1*1*1*1	1462	2	1	1	1	1	1	80	68	85	32	1
2	2*1*1*1*1*1	1302	2	1	1	1	1	1	100	97	129	37	1
2	2*1*1*1*1*1	1424	2	1	1	1	1	1	71	72	114	32	1
2	2*1*1*1*1*1	1546	2	1	1	1	1	1	61	59	65	37	1
2	2*1*1*1*1*1	1547	2	1	1	1	1	1	65	53	86	18	1
2	2*1*1*1*1*1	1306	2	1	1	1	1	1	118	98	90	53	1
2	2*1*1*1*1*1	1307	2	1	1	1	1	1	85	87	106	81	1
2	2*1*1*1*1*1	1308	2	1	1	1	1	1	77	84	132	66	1
2	2*1*1*1*1*1	1309	2	1	1	1	1	1	94	92	122	50	1
2	2*1*1*1*1*1	1431	2	1	1	1	1	1	71	82	78	50	1
2	2*1*1*1*1*1	1311	2	1	1	1	1	1	87	86	128	56	1
2	2*1*1*1*1*1	1312	2	1	1	1	1	1	125	86	106	40	1
2	2*1*1*1*1*1	1474	2	1	1	1	1	1	68	68	82	41	1
2	2*1*1*1*1*1	1555	2	1	1	1	1	1	57	56	74	28	1
2	2*1*1*1*1*1	1315	2	1	1	1	1	1	97	81	131	45	1
2	2*1*1*1*1*1	1396	2	1	1	1	1	1	84	89	84	52	1
2	2*1*1*1*1*1	1317	2	1	1	1	1	1	103	83	112	56	1
2	2*1*1*1*1*1	1438	2	1	1	1	1	1	81	67	84	47	1
2	2*1*1*1*1*1	1359	2	1	1	1	1	1	72	91	127	41	1
2	2*1*1*1*1*1	1441	2	1	1	1	1	1	86	66	86	38	1
2	2*1*1*1*1*1	1321	2	1	1	1	1	1	93	114	108	35	1
2	2*1*1*1*1*1	1456	2	1	1	1	1	1	79	69	77	42	1
2	2*1*1*1*1*1	1363	2	1	1	1	1	1	72	99	104	54	1
2	2*1*1*1*1*1	1364	2	1	1	1	1	1	80	74	125	49	1
2	2*1*1*1*1*1	1446	2	1	1	1	1	1	71	74	74	54	1
2	2*1*1*1*1*1	1379	2	1	1	1	1	1	76	80	115	48	1
2	2*1*1*1*1*1	1488	2	1	1	1	1	1	55	61	98	37	1
2	2*1*1*1*1*1	1408	2	1	1	1	1	1	74	90	86	51	1
2	2*1*1*1*1*1	1450	2	1	1	1	1	1	57	83	78	54	1
2	2*1*1*1*1*1	1330	2	1	1	1	1	1	89	118	86	53	1
2	2*1*1*1*1*1	1492	2	1	1	1	1	1	46	64	89	51	1
2	2*1*1*1*1*1	1453	2	1	1	1	1	1	84	79	81	24	1
2	2*1*1*1*1*1	1534	2	1	1	1	1	1	58	57	69	43	1
2	2*1*1*1*1*1	1455	2	1	1	1	1	1	74	78	76	39	1
2	2*1*1*1*1*1	1348	2	1	1	1	1	1	93	96	116	31	1
2	2*1*1*1*1*1	1457	2	1	1	1	1	1	64	70	96	37	1
2	2*1*1*1*1*1	1390	2	1	1	1	1	1	80	83	112	39	1
2	2*1*1*1*1*1	1459	2	1	1	1	1	1	92	57	88	29	1
2	2*1*1*1*1*1	1352	2	1	1	1	1	1	97	81	111	44	1
2	2*1*1*1*1*1	1500	2	1	1	1	1	1	65	74	80	26	1
2	2*1*1*1*1*1	1502	2	1	1	1	1	1	53	64	82	46	1
2	2*1*1*1*1*1	1342	2	1	1	1	1	1	87	80	120	55	1
2	2*1*1*1*1*1	1343	2	1	1	1	1	1	80	81	137	43	1
2	2*1*1*1*1*1	1344	2	1	1	1	1	1	91	97	110	41	1
2	2*1*1*1*1*1	1466	2	1	1	1	1	1	68	90	69	36	1
2	2*1*1*1*1*1	1346	2	1	1	1	1	1	106	84	114	35	1
2	2*1*1*1*1*1	1468	2	1	1	1	1	1	70	69	95	28	1
2	2*1*1*1*1*1	1522	2	1	1	1	1	1	57	79	70	29	1
2	2*1*1*1*1*1	1429	2	1	1	1	1	1	44	69	103	67	1
2	2*1*1*1*1*1	1524	2	1	1	1	1	1	68	63	63	40	1
2	2*1*1*1*1*1	1552	2	1	1	1	1	1	50	51	54	63	1
2	2*1*1*1*1*1	1486	2	1	1	1	1	1	71	69	73	40	1
2	2*1*1*1*1*1	1554	2	1	1	1	1	1	55	67	63	31	1
2	2*1*1*1*1*1	1473	2	1	1	1	1	1	53	62	98	47	1
2	2*1*1*1*1*1	1476	2	1	1	1	1	1	65	66	89	39	1
2	2*1*1*1*1*1	1436	2	1	1	1	1	1	74	91	86	28	1
2	2*1*1*1*1*1	1357	2	1	1	1	1	1	87	98	102	44	1
2	2*1*1*1*1*1	1451	2	1	1	1	1	1	87	72	73	39	1
2	2*1*1*1*1*1	1506	2	1	1	1	1	1	75	63	74	30	1
2	2*1*1*1*1*1	1481	2	1	1	1	1	1	80	77	76	23	1
2	2*1*1*1*1*1	1495	2	1	1	1	1	1	70	90	61	27	1
2	2*1*1*1*1*1	1496	2	1	1	1	1	1	76	74	70	28	1
2	2*1*1*1*1*1	1536	2	1	1	1	1	1	47	66	76	37	1
2	2*1*1*1*1*1	1444	2	1	1	1	1	1	71	78	87	38	1
2	2*1*1*1*1*1	1499	2	1	1	1	1	1	58	69	89	30	1
2	2*1*1*1*1*1	1419	2	1	1	1	1	1	93	66	92	40	1
2	2*1*1*1*1*1	1384	2	1	1	1	1	1	91	94	94	38	1
2	2*1*1*1*1*1	1464	2	1	1	1	1	1	84	66	66	48	1
2	2*1*1*1*1*1	1490	2	1	1	1	1	1	73	68	72	38	1
2	2*1*1*1*1*1	1370	2	1	1	1	1	1	102	89	98	38	1
2	2*1*1*1*1*1	1509	2	1	1	1	1	1	62	62	85	31	1
2	2*1*1*1*1*1	1469	2	1	1	1	1	1	66	82	80	34	1
2	2*1*1*1*1*1	1507	2	1	1	1	1	1	51	65	93	32	1
2	2*1*1*1*1*1	1387	2	1	1	1	1	1	89	86	82	59	1
2	2*1*1*1*1*1	1432	2	1	1	1	1	1	94	81	85	21	1
2	2*1*1*1*1*1	1517	2	1	1	1	1	1	52	68	72	44	1
2	2*1*1*1*1*1	1430	2	1	1	1	1	1	87	79	88	27	1
2	2*1*1*1*1*1	1511	2	1	1	1	1	1	43	52	96	48	1
2	2*1*1*1*1*1	1423	2	1	1	1	1	1	68	68	116	37	1
2	2*1*1*1*1*1	1494	2	1	1	1	1	1	63	59	82	45	1
2	2*1*1*1*1*1	1415	2	1	1	1	1	1	81	79	91	43	1
2	2*1*1*1*1*1	1503	2	1	1	1	1	1	72	78	72	23	1
2	2*1*1*1*1*1	1480	2	1	1	1	1	1	81	68	69	38	1
2	2*1*1*1*1*1	1539	2	1	1	1	1	1	67	78	57	23	1
2	2*1*1*1*1*1	1529	2	1	1	1	1	1	63	65	77	26	1
2	2*1*1*1*1*1	1505	2	1	1	1	1	1	79	76	62	27	1
2	2*1*1*1*1*1	1484	2	1	1	1	1	1	68	66	84	37	1
2	2*1*1*1*1*1	1489	2	1	1	1	1	1	81	79	68	23	1
2	2*1*1*1*1*1	1467	2	1	1	1	1	1	76	75	87	24	1
2	2*1*1*1*1*1	1549	2	1	1	1	1	1	58	65	63	35	1
2	2*1*1*1*1*1	1551	2	1	1	1	1	1	51	66	65	39	1
2	2*1*2*1*1*1	1356	2	1	2	1	1	1	88	96	87	61	1
2	2*1*2*1*1*1	1284	2	1	2	1	1	1	72	108	125	68	1
2	2*1*2*1*1*1	1329	2	1	2	1	1	1	106	83	115	42	1
2	2*1*2*1*1*1	1427	2	1	2	1	1	1	108	63	80	35	1
2	2*1*2*1*1*1	1371	2	1	2	1	1	1	66	96	114	51	1
2	2*1*2*1*1*1	1271	2	1	2	1	1	1	102	83	136	65	1
2	2*1*2*1*1*1	1362	2	1	2	1	1	1	90	73	114	53	1
2	2*1*2*1*1*1	1482	2	1	2	1	1	1	70	66	95	24	1
2	2*2*1*1*1*1	1538	2	2	1	1	1	1	78	53	73	21	1
2	2*2*1*1*1*1	1485	2	2	1	1	1	1	79	63	69	42	1
2	2*2*1*1*1*1	1540	2	2	1	1	1	1	51	68	69	37	1
2	2*2*1*1*1*1	1465	2	2	1	1	1	1	62	73	88	40	1
2	2*2*1*1*1*1	1520	2	2	1	1	1	1	62	64	68	41	1
2	2*2*1*1*1*1	1300	2	2	1	1	1	1	89	89	118	67	1
2	2*2*1*1*1*1	1479	2	2	1	1	1	1	86	71	79	21	1
2	2*2*1*1*1*1	1376	2	2	1	1	1	1	90	67	99	65	1
2	2*2*1*2*1*1	1544	2	2	1	2	1	1	62	48	70	42	1
2	2*2*1*2*1*1	1435	2	2	1	2	1	1	70	80	90	40	1
2	2*2*1*2*1*1	1365	2	2	1	2	1	1	78	71	122	57	1
2	2*2*1*2*1*1	1487	2	2	1	2	1	1	65	39	81	67	1
2	2*2*2*1*1*1	1382	2	2	2	1	1	1	78	65	115	61	1
2	2*2*2*1*1*1	1392	2	2	2	1	1	1	82	94	90	47	1
2	2*2*2*1*1*1	1316	2	2	2	1	1	1	88	89	118	59	1
2	2*2*2*1*1*1	1394	2	2	2	1	1	1	86	80	112	33	1
2	2*3*1*2*1*1	1448	2	3	1	2	1	1	58	55	91	68	1
2	2*3*1*2*1*1	1355	2	3	1	2	1	1	72	85	121	54	1
2	3*1*1*1*1*1	1035	3	1	1	1	1	1	166	171	177	76	1
2	3*1*1*1*1*1	1157	3	1	1	1	1	1	135	113	156	76	1
2	3*1*1*1*1*1	1158	3	1	1	1	1	1	126	130	158	66	1
2	3*1*1*1*1*1	1038	3	1	1	1	1	1	143	156	192	98	1
2	3*1*1*1*1*1	1160	3	1	1	1	1	1	165	118	125	69	1
2	3*1*1*1*1*1	1120	3	1	1	1	1	1	122	137	161	83	1
2	3*1*1*1*1*1	1162	3	1	1	1	1	1	127	119	164	65	1
2	3*1*1*1*1*1	1042	3	1	1	1	1	1	162	183	159	82	1
2	3*1*1*1*1*1	1043	3	1	1	1	1	1	185	130	175	95	1
2	3*1*1*1*1*1	1124	3	1	1	1	1	1	128	154	150	68	1
2	3*1*1*1*1*1	1045	3	1	1	1	1	1	151	140	227	65	1
2	3*1*1*1*1*1	1086	3	1	1	1	1	1	141	163	155	78	1
2	3*1*1*1*1*1	1047	3	1	1	1	1	1	183	173	189	35	1
2	3*1*1*1*1*1	1169	3	1	1	1	1	1	126	121	151	68	1
2	3*1*1*1*1*1	1210	3	1	1	1	1	1	112	124	143	52	1
2	3*1*1*1*1*1	1171	3	1	1	1	1	1	129	141	130	64	1
2	3*1*1*1*1*1	1051	3	1	1	1	1	1	122	145	176	134	1
2	3*1*1*1*1*1	1052	3	1	1	1	1	1	142	154	166	115	1
2	3*1*1*1*1*1	1133	3	1	1	1	1	1	101	116	210	68	1
2	3*1*1*1*1*1	1175	3	1	1	1	1	1	132	145	129	53	1
2	3*1*1*1*1*1	1176	3	1	1	1	1	1	153	147	124	35	1
2	3*1*1*1*1*1	1177	3	1	1	1	1	1	109	140	150	60	1
2	3*1*1*1*1*1	1218	3	1	1	1	1	1	106	131	140	47	1
2	3*1*1*1*1*1	1138	3	1	1	1	1	1	121	138	165	67	1
2	3*1*1*1*1*1	1139	3	1	1	1	1	1	136	173	150	32	1
2	3*1*1*1*1*1	1181	3	1	1	1	1	1	102	117	145	92	1
2	3*1*1*1*1*1	1222	3	1	1	1	1	1	117	111	138	54	1
2	3*1*1*1*1*1	1183	3	1	1	1	1	1	109	117	161	68	1
2	3*1*1*1*1*1	1184	3	1	1	1	1	1	112	126	141	74	1
2	3*1*1*1*1*1	1185	3	1	1	1	1	1	134	131	119	69	1
2	3*1*1*1*1*1	1226	3	1	1	1	1	1	97	103	149	65	1
2	3*1*1*1*1*1	1066	3	1	1	1	1	1	139	157	184	81	1
2	3*1*1*1*1*1	1228	3	1	1	1	1	1	97	119	137	60	1
2	3*1*1*1*1*1	1148	3	1	1	1	1	1	136	127	157	65	1
2	3*1*1*1*1*1	1190	3	1	1	1	1	1	126	118	142	62	1
2	3*1*1*1*1*1	1070	3	1	1	1	1	1	170	179	158	47	1
2	3*1*1*1*1*1	1192	3	1	1	1	1	1	103	114	157	71	1
2	3*1*1*1*1*1	1193	3	1	1	1	1	1	98	114	141	92	1
2	3*1*1*1*1*1	1073	3	1	1	1	1	1	145	165	185	57	1
2	3*1*1*1*1*1	1074	3	1	1	1	1	1	153	127	179	92	1
2	3*1*1*1*1*1	1196	3	1	1	1	1	1	112	104	158	70	1
2	3*1*1*1*1*1	1116	3	1	1	1	1	1	133	141	196	36	1
2	3*1*1*1*1*1	1077	3	1	1	1	1	1	114	146	193	98	1
2	3*1*1*1*1*1	1118	3	1	1	1	1	1	168	141	136	60	1
2	3*1*1*1*1*1	1079	3	1	1	1	1	1	150	153	169	75	1
2	3*1*1*1*1*1	1173	3	1	1	1	1	1	146	130	140	46	1
2	3*1*1*1*1*1	1213	3	1	1	1	1	1	138	137	121	33	1
2	3*1*1*1*1*1	1203	3	1	1	1	1	1	96	111	152	79	1
2	3*1*1*1*1*1	1123	3	1	1	1	1	1	129	121	186	65	1
2	3*1*1*1*1*1	1164	3	1	1	1	1	1	108	150	159	56	1
2	3*1*1*1*1*1	1125	3	1	1	1	1	1	132	134	157	77	1
2	3*1*1*1*1*1	1247	3	1	1	1	1	1	86	134	115	65	1
2	3*1*1*1*1*1	1087	3	1	1	1	1	1	153	127	167	89	1
2	3*1*1*1*1*1	1088	3	1	1	1	1	1	124	123	192	97	1
2	3*1*1*1*1*1	1223	3	1	1	1	1	1	118	103	138	60	1
2	3*1*1*1*1*1	1251	3	1	1	1	1	1	77	97	136	88	1
2	3*1*1*1*1*1	1091	3	1	1	1	1	1	127	135	220	51	1
2	3*1*1*1*1*1	1092	3	1	1	1	1	1	140	137	159	94	1
2	3*1*1*1*1*1	1159	3	1	1	1	1	1	151	149	143	35	1
2	3*1*1*1*1*1	1258	3	1	1	1	1	1	108	120	107	60	1
2	3*1*1*1*1*1	1135	3	1	1	1	1	1	134	128	156	76	1
2	3*1*1*1*1*1	1096	3	1	1	1	1	1	151	135	184	58	1
2	3*1*1*1*1*1	1137	3	1	1	1	1	1	128	137	146	81	1
2	3*1*1*1*1*1	1249	3	1	1	1	1	1	111	113	125	50	1
2	3*1*1*1*1*1	1259	3	1	1	1	1	1	102	96	130	67	1
2	3*1*1*1*1*1	1221	3	1	1	1	1	1	118	105	142	56	1
2	3*1*1*1*1*1	1141	3	1	1	1	1	1	129	140	149	73	1
2	3*1*1*1*1*1	1163	3	1	1	1	1	1	111	110	175	78	1
2	3*1*1*1*1*1	1143	3	1	1	1	1	1	144	147	156	42	1
2	3*1*1*1*1*1	1104	3	1	1	1	1	1	121	124	193	84	1
2	3*1*1*1*1*1	1252	3	1	1	1	1	1	117	107	129	45	1
2	3*1*1*1*1*1	1235	3	1	1	1	1	1	80	158	124	48	1
2	3*1*1*1*1*1	1232	3	1	1	1	1	1	96	94	164	57	1
2	3*1*1*1*1*1	1233	3	1	1	1	1	1	88	86	150	86	1
2	3*1*1*1*1*1	1230	3	1	1	1	1	1	103	102	147	59	1
2	3*1*1*1*1*1	1262	3	1	1	1	1	1	100	91	132	70	1
2	3*1*1*1*1*1	1154	3	1	1	1	1	1	137	130	158	57	1
2	3*1*1*1*1*1	1156	3	1	1	1	1	1	137	135	143	66	1
2	3*1*1*1*1*1	1113	3	1	1	1	1	1	110	159	174	66	1
2	3*1*1*1*1*1	1208	3	1	1	1	1	1	119	104	151	60	1
2	3*1*1*1*1*1	1127	3	1	1	1	1	1	158	130	142	70	1
2	3*1*1*1*1*1	1217	3	1	1	1	1	1	78	72	127	149	1
2	3*1*1*1*1*1	1238	3	1	1	1	1	1	120	112	120	55	1
2	3*1*1*1*1*1	1248	3	1	1	1	1	1	102	105	133	60	1
2	3*1*1*1*1*1	1261	3	1	1	1	1	1	95	108	137	53	1
2	3*1*1*1*1*1	1245	3	1	1	1	1	1	139	99	119	46	1
2	3*1*1*1*1*1	1194	3	1	1	1	1	1	99	109	163	74	1
2	3*1*1*1*1*1	1142	3	1	1	1	1	1	94	103	199	94	1
2	3*1*1*1*1*1	1153	3	1	1	1	1	1	128	145	147	63	1
2	3*1*2*1*1*1	1121	3	1	2	1	1	1	133	146	155	69	1
2	3*1*2*1*1*1	1067	3	1	2	1	1	1	131	165	191	73	1
2	3*1*2*1*1*1	1041	3	1	2	1	1	1	166	177	174	70	1
2	3*1*2*1*1*1	1146	3	1	2	1	1	1	145	153	145	45	1
2	3*1*2*1*1*1	1117	3	1	2	1	1	1	145	132	151	77	1
2	3*1*2*1*1*1	1174	3	1	2	1	1	1	147	123	134	57	1
2	3*1*2*1*1*1	1166	3	1	2	1	1	1	143	130	145	54	1
2	3*1*2*1*1*1	1149	3	1	2	1	1	1	122	135	159	69	1
2	3*1*2*1*1*1	1186	3	1	2	1	1	1	132	113	143	64	1
2	3*1*2*1*1*1	1080	3	1	2	1	1	1	143	152	156	95	1
2	3*1*2*1*1*1	1105	3	1	2	1	1	1	153	147	160	62	1
2	3*1*2*1*1*1	1095	3	1	2	1	1	1	97	128	172	132	1
2	3*1*2*1*1*1	1205	3	1	2	1	1	1	135	111	111	79	1
2	3*1*2*1*1*1	1165	3	1	2	1	1	1	131	146	138	57	1
2	3*1*2*1*1*1	1155	3	1	2	1	1	1	136	113	155	78	1
2	3*1*2*1*1*1	1220	3	1	2	1	1	1	114	111	131	66	1
2	3*1*2*1*1*1	1211	3	1	2	1	1	1	119	111	131	70	1
2	3*1*2*1*1*1	1264	3	1	2	1	1	1	102	113	115	62	1
2	3*1*2*1*1*1	1075	3	1	2	1	1	1	114	182	176	79	1
2	3*1*2*1*1*1	1151	3	1	2	1	1	1	139	133	138	75	1
2	3*1*2*1*1*1	1084	3	1	2	1	1	1	164	156	156	63	1
2	3*1*2*1*1*1	1037	3	1	2	1	1	1	188	152	152	97	1
2	3*1*2*1*1*1	1076	3	1	2	1	1	1	142	159	178	72	1
2	3*1*2*1*1*1	1100	3	1	2	1	1	1	133	137	183	72	1
2	3*1*2*1*1*1	1112	3	1	2	1	1	1	160	132	156	65	1
2	3*1*2*1*1*1	1102	3	1	2	1	1	1	144	147	146	86	1
2	3*1*2*1*1*1	1072	3	1	2	1	1	1	144	161	160	87	1
2	3*2*1*1*1*1	1081	3	2	1	1	1	1	171	135	151	86	1
2	3*2*1*1*1*1	1161	3	2	1	1	1	1	109	114	169	84	1
2	3*2*1*1*1*1	1048	3	2	1	1	1	1	171	147	173	89	1
2	3*2*1*1*1*1	1144	3	2	1	1	1	1	105	142	166	75	1
2	3*2*1*1*1*1	1094	3	2	1	1	1	1	151	111	165	103	1
2	3*2*1*1*1*1	1058	3	2	1	1	1	1	147	137	189	95	1
2	3*2*1*1*1*1	1036	3	2	1	1	1	1	162	172	177	79	1
2	3*2*1*1*1*1	1260	3	2	1	1	1	1	126	109	131	28	1
2	3*2*1*2*1*1	1209	3	2	1	2	1	1	99	117	136	82	1
2	3*2*1*2*1*1	1150	3	2	1	2	1	1	107	127	160	91	1
2	3*2*1*2*1*1	1122	3	2	1	2	1	1	136	125	161	80	1
2	3*2*2*1*1*1	1253	3	2	2	1	1	1	110	95	139	54	1
2	3*2*2*1*1*1	1237	3	2	2	1	1	1	119	105	138	46	1
2	3*2*2*1*1*1	1110	3	2	2	1	1	1	137	124	169	86	1
2	3*2*2*1*1*1	1195	3	2	2	1	1	1	141	118	111	74	1
2	3*2*2*1*1*1	1212	3	2	2	1	1	1	115	106	149	60	1
2	4*1*1*1*1*1	945	4	1	1	1	1	1	181	208	210	92	1
2	4*1*1*1*1*1	905	4	1	1	1	1	1	198	217	245	87	1
2	4*1*1*1*1*1	878	4	1	1	1	1	1	195	184	311	100	1
2	4*1*1*1*1*1	998	4	1	1	1	1	1	176	190	203	67	1
2	4*1*1*1*1*1	1000	4	1	1	1	1	1	149	166	195	123	1
2	4*1*1*1*1*1	935	4	1	1	1	1	1	186	204	233	84	1
2	4*1*1*1*1*1	962	4	1	1	1	1	1	180	171	234	84	1
2	4*1*1*1*1*1	924	4	1	1	1	1	1	164	217	244	97	1
2	4*1*1*1*1*1	1005	4	1	1	1	1	1	145	186	212	86	1
2	4*1*1*1*1*1	933	4	1	1	1	1	1	179	232	195	104	1
2	4*1*1*1*1*1	1011	4	1	1	1	1	1	184	155	196	83	1
2	4*1*1*1*1*1	864	4	1	1	1	1	1	215	278	235	74	1
2	4*1*1*1*1*1	915	4	1	1	1	1	1	163	179	273	120	1
2	4*1*1*1*1*1	883	4	1	1	1	1	1	186	205	251	139	1
2	4*1*1*1*1*1	921	4	1	1	1	1	1	197	244	209	79	1
2	4*1*1*1*1*1	975	4	1	1	1	1	1	206	185	201	64	1
2	4*1*1*1*1*1	882	4	1	1	1	1	1	194	206	261	122	1
2	4*1*1*1*1*1	900	4	1	1	1	1	1	140	173	278	165	1
2	4*1*1*1*1*1	865	4	1	1	1	1	1	216	200	264	122	1
2	4*1*1*1*1*1	1023	4	1	1	1	1	1	156	159	197	94	1
2	4*1*1*1*1*1	877	4	1	1	1	1	1	200	210	296	85	1
2	4*1*1*1*1*1	894	4	1	1	1	1	1	204	208	237	118	1
2	4*1*1*1*1*1	986	4	1	1	1	1	1	177	137	243	90	1
2	4*1*1*1*1*1	974	4	1	1	1	1	1	168	190	236	62	1
2	4*1*1*1*1*1	1029	4	1	1	1	1	1	144	169	185	105	1
2	4*1*1*1*1*1	981	4	1	1	1	1	1	174	156	226	98	1
2	4*1*1*1*1*1	896	4	1	1	1	1	1	176	209	280	100	1
2	4*1*1*1*1*1	898	4	1	1	1	1	1	230	225	207	97	1
2	4*1*1*1*1*1	966	4	1	1	1	1	1	187	161	241	75	1
2	4*1*1*1*1*1	1001	4	1	1	1	1	1	160	163	209	100	1
2	4*1*1*1*1*1	994	4	1	1	1	1	1	167	207	208	56	1
2	4*1*1*1*1*1	983	4	1	1	1	1	1	176	212	211	53	1
2	4*1*1*1*1*1	996	4	1	1	1	1	1	148	177	203	109	1
2	4*1*1*1*1*1	911	4	1	1	1	1	1	189	218	253	82	1
2	4*1*1*1*1*1	1019	4	1	1	1	1	1	143	134	243	89	1
2	4*1*1*1*1*1	999	4	1	1	1	1	1	180	209	184	63	1
2	4*1*1*1*1*1	1026	4	1	1	1	1	1	151	137	208	109	1
2	4*1*1*1*1*1	902	4	1	1	1	1	1	234	246	218	54	1
2	4*1*1*1*1*1	1014	4	1	1	1	1	1	187	175	185	67	1
2	4*1*1*1*1*1	936	4	1	1	1	1	1	137	167	245	158	1
2	4*1*1*1*1*1	972	4	1	1	1	1	1	176	153	241	88	1
2	4*1*1*1*1*1	938	4	1	1	1	1	1	127	150	287	141	1
2	4*1*1*1*1*1	927	4	1	1	1	1	1	131	187	303	98	1
2	4*1*1*1*1*1	993	4	1	1	1	1	1	125	163	257	96	1
2	4*1*1*1*1*1	947	4	1	1	1	1	1	156	180	227	125	1
2	4*1*2*1*1*1	844	4	1	2	1	1	1	183	220	279	154	1
2	4*1*2*1*1*1	845	4	1	2	1	1	1	212	232	233	159	1
2	4*1*2*1*1*1	846	4	1	2	1	1	1	196	240	267	132	1
2	4*1*2*1*1*1	860	4	1	2	1	1	1	241	242	232	91	1
2	4*1*2*1*1*1	928	4	1	2	1	1	1	190	212	197	119	1
2	4*1*2*1*1*1	1010	4	1	2	1	1	1	155	151	163	152	1
2	4*1*2*1*1*1	916	4	1	2	1	1	1	172	186	221	155	1
2	4*1*2*1*1*1	957	4	1	2	1	1	1	196	179	203	96	1
2	4*1*2*1*1*1	852	4	1	2	1	1	1	227	227	251	114	1
2	4*1*2*1*1*1	853	4	1	2	1	1	1	186	181	314	136	1
2	4*1*2*1*1*1	934	4	1	2	1	1	1	226	221	188	74	1
2	4*1*2*1*1*1	895	4	1	2	1	1	1	161	236	259	110	1
2	4*1*2*1*1*1	856	4	1	2	1	1	1	221	194	282	117	1
2	4*1*2*1*1*1	978	4	1	2	1	1	1	178	172	192	113	1
2	4*1*2*1*1*1	858	4	1	2	1	1	1	181	222	286	123	1
2	4*1*2*1*1*1	912	4	1	2	1	1	1	177	169	258	135	1
2	4*1*2*1*1*1	873	4	1	2	1	1	1	193	228	243	133	1
2	4*1*2*1*1*1	1022	4	1	2	1	1	1	163	158	180	105	1
2	4*1*2*1*1*1	942	4	1	2	1	1	1	170	221	217	87	1
2	4*1*2*1*1*1	929	4	1	2	1	1	1	179	198	218	120	1
2	4*1*2*1*1*1	932	4	1	2	1	1	1	172	211	209	119	1
2	4*1*2*1*1*1	990	4	1	2	1	1	1	144	177	233	89	1
2	4*1*2*1*1*1	866	4	1	2	1	1	1	208	231	243	118	1
2	4*1*2*1*1*1	946	4	1	2	1	1	1	127	203	249	110	1
2	4*1*2*1*1*1	1016	4	1	2	1	1	1	172	147	196	97	1
2	4*1*2*1*1*1	950	4	1	2	1	1	1	182	166	245	91	1
2	4*1*2*1*1*1	992	4	1	2	1	1	1	164	165	183	129	1
2	4*1*2*1*1*1	1013	4	1	2	1	1	1	156	144	189	128	1
2	4*1*2*1*1*1	995	4	1	2	1	1	1	182	155	182	118	1
2	4*1*2*1*1*1	955	4	1	2	1	1	1	205	191	208	74	1
2	4*1*2*1*1*1	909	4	1	2	1	1	1	218	216	220	90	1
2	4*1*2*1*1*1	879	4	1	2	1	1	1	188	186	288	126	1
2	4*1*2*1*1*1	1017	4	1	2	1	1	1	163	200	179	70	1
2	4*2*1*1*1*1	930	4	2	1	1	1	1	180	200	236	98	1
2	4*2*1*1*1*1	892	4	2	1	1	1	1	163	175	243	188	1
2	4*2*1*1*1*1	989	4	2	1	1	1	1	144	175	187	138	1
2	4*2*1*2*1*1	980	4	2	1	2	1	1	147	163	202	142	1
2	4*2*1*2*1*1	1025	4	2	1	2	1	1	167	165	181	92	1
2	4*2*2*1*1*1	963	4	2	2	1	1	1	183	192	199	94	1
2	4*2*2*1*1*1	958	4	2	2	1	1	1	170	173	213	117	1
2	4*2*2*1*1*1	954	4	2	2	1	1	1	133	126	251	169	1
2	4*2*2*2*1*1	914	4	2	2	2	1	1	199	195	209	132	1
2	4*2*2*2*1*1	863	4	2	2	2	1	1	185	189	263	166	1
2	4*2*2*2*1*1	875	4	2	2	2	1	1	206	214	231	143	1
2	4*2*3*1*1*1	965	4	2	3	1	1	1	164	171	223	107	1
2	4*3*1*2*1*1	943	4	3	1	2	1	1	209	147	204	134	1
2	4*3*2*2*1*1	1009	4	3	2	2	1	1	153	170	183	118	1
2	4*3*3*2*1*1	985	4	3	3	2	1	1	178	162	201	106	1
2	5*1*1*1*1*1	738	5	1	1	1	1	1	268	274	342	131	7
2	5*1*1*1*1*1	691	5	1	1	1	1	1	303	315	384	124	7
2	5*1*1*1*1*1	700	5	1	1	1	1	1	318	359	353	84	7
2	5*1*1*1*1*1	693	5	1	1	1	1	1	324	274	344	181	7
2	5*1*1*1*1*1	742	5	1	1	1	1	1	282	299	274	151	7
2	5*1*1*1*1*1	739	5	1	1	1	1	1	244	281	357	132	7
2	5*1*1*1*1*1	825	5	1	1	1	1	1	209	224	316	131	7
2	5*1*1*1*1*1	741	5	1	1	1	1	1	229	310	340	127	7
2	5*1*1*1*1*1	759	5	1	1	1	1	1	288	292	319	77	7
2	5*1*1*1*1*1	824	5	1	1	1	1	1	186	170	302	224	7
2	5*1*1*1*1*1	841	5	1	1	1	1	1	251	197	274	127	7
2	5*1*1*1*1*1	814	5	1	1	1	1	1	188	212	283	215	7
2	5*1*1*1*1*1	767	5	1	1	1	1	1	233	263	311	156	7
2	5*1*1*1*1*1	832	5	1	1	1	1	1	248	235	278	109	7
2	5*1*1*1*1*1	765	5	1	1	1	1	1	225	297	304	139	7
2	5*1*1*1*1*1	753	5	1	1	1	1	1	221	306	349	107	7
2	5*1*1*1*1*1	771	5	1	1	1	1	1	256	313	307	79	7
2	5*1*1*1*1*1	821	5	1	1	1	1	1	199	250	320	116	7
2	5*1*1*1*1*1	694	5	1	1	1	1	1	310	263	391	159	7
2	5*1*1*1*1*1	797	5	1	1	1	1	1	268	241	314	89	7
2	5*1*1*1*1*1	726	5	1	1	1	1	1	304	350	295	92	7
2	5*1*1*1*1*1	813	5	1	1	1	1	1	227	214	301	156	7
2	5*1*1*1*1*1	724	5	1	1	1	1	1	216	276	391	164	7
2	5*1*1*1*1*1	774	5	1	1	1	1	1	221	269	354	102	7
2	5*1*1*1*1*1	720	5	1	1	1	1	1	338	329	318	69	7
2	5*1*1*1*1*1	780	5	1	1	1	1	1	268	316	281	71	7
2	5*1*1*1*1*1	785	5	1	1	1	1	1	246	223	286	176	7
2	5*1*1*1*1*1	791	5	1	1	1	1	1	267	271	266	113	7
2	5*1*1*1*1*1	804	5	1	1	1	1	1	237	266	292	108	7
2	5*1*1*1*1*1	784	5	1	1	1	1	1	277	276	259	121	7
2	5*1*1*1*1*1	733	5	1	1	1	1	1	268	256	395	108	7
2	5*1*1*1*1*1	812	5	1	1	1	1	1	227	262	288	122	7
2	5*1*1*1*1*1	773	5	1	1	1	1	1	233	299	273	142	7
2	5*1*1*1*1*1	697	5	1	1	1	1	1	304	313	376	126	7
2	5*1*1*1*1*1	777	5	1	1	1	1	1	265	229	347	104	7
2	5*1*2*1*1*1	837	5	1	2	1	1	1	237	212	288	125	1
2	5*1*2*1*1*1	789	5	1	2	1	1	1	247	248	301	131	1
2	5*1*2*1*1*1	790	5	1	2	1	1	1	269	191	304	154	1
2	5*1*2*1*1*1	794	5	1	2	1	1	1	245	295	283	91	1
2	5*1*2*1*1*1	729	5	1	2	1	1	1	314	330	315	75	1
2	5*1*2*1*1*1	709	5	1	2	1	1	1	301	359	320	121	1
2	5*1*2*1*1*1	763	5	1	2	1	1	1	294	264	264	143	1
2	5*1*2*1*1*1	798	5	1	2	1	1	1	214	247	309	141	1
2	5*1*2*1*1*1	731	5	1	2	1	1	1	278	241	358	152	1
2	5*1*2*1*1*1	810	5	1	2	1	1	1	234	231	241	194	1
2	5*1*2*1*1*1	762	5	1	2	1	1	1	256	294	293	125	1
2	5*1*2*1*1*1	775	5	1	2	1	1	1	235	322	285	104	1
2	5*1*2*1*1*1	802	5	1	2	1	1	1	249	229	305	126	1
2	5*1*2*1*1*1	702	5	1	2	1	1	1	289	328	345	150	1
2	5*1*2*1*1*1	820	5	1	2	1	1	1	195	213	311	166	1
2	5*1*2*1*1*1	805	5	1	2	1	1	1	263	267	293	80	1
2	5*1*2*1*1*1	692	5	1	2	1	1	1	325	246	435	118	1
2	5*1*2*1*1*1	734	5	1	2	1	1	1	233	310	343	139	1
2	5*1*2*1*1*1	719	5	1	2	1	1	1	234	246	394	181	1
2	5*1*2*1*1*1	829	5	1	2	1	1	1	217	254	292	112	1
2	5*1*2*1*1*1	828	5	1	2	1	1	1	240	297	244	94	1
2	5*1*2*1*1*1	752	5	1	2	1	1	1	281	270	297	142	1
2	5*1*2*1*1*1	819	5	1	2	1	1	1	264	186	286	150	1
2	5*1*2*1*1*1	704	5	1	2	1	1	1	273	319	349	166	1
2	5*1*3*1*1*1	730	5	1	3	1	1	1	256	270	295	211	1
2	5*2*1*1*1*1	728	5	2	1	1	1	1	259	296	346	135	1
2	5*2*1*1*1*1	754	5	2	1	1	1	1	242	289	348	101	1
2	5*2*1*1*1*1	834	5	2	1	1	1	1	194	203	334	134	1
2	5*2*1*1*1*1	807	5	2	1	1	1	1	207	226	315	153	1
2	5*2*1*2*1*1	688	5	2	1	2	1	1	248	286	402	201	1
2	5*2*1*2*1*1	776	5	2	1	2	1	1	191	308	323	123	1
2	5*2*2*1*1*1	830	5	2	2	1	1	1	226	221	292	133	1
2	5*2*2*1*1*1	696	5	2	2	1	1	1	288	334	324	176	1
2	5*2*2*1*1*1	770	5	2	2	1	1	1	243	261	311	143	1
2	5*2*2*1*1*1	711	5	2	2	1	1	1	335	271	329	165	1
2	5*2*2*2*1*1	737	5	2	2	2	1	1	240	286	333	160	1
2	5*2*2*2*1*1	690	5	2	2	2	1	1	298	239	389	201	1
2	5*2*2*2*1*1	800	5	2	2	2	1	1	248	249	250	163	1
2	5*2*2*2*1*1	732	5	2	2	2	1	1	305	244	314	166	1
2	5*2*2*2*1*1	826	5	2	2	2	1	1	275	205	260	139	1
2	5*2*3*1*1*1	746	5	2	3	1	1	1	237	254	300	206	1
2	5*3*1*2*1*1	781	5	3	1	2	1	1	225	207	320	184	1
2	5*3*2*2*1*1	799	5	3	2	2	1	1	217	267	266	161	1
2	6*1*1*1*1*1	666	6	1	1	1	1	1	275	324	395	193	7
2	6*1*1*1*1*1	621	6	1	1	1	1	1	352	257	552	118	7
2	6*1*1*1*1*1	574	6	1	1	1	1	1	368	337	503	183	7
2	6*1*1*1*1*1	615	6	1	1	1	1	1	369	324	437	160	7
2	6*1*1*1*1*1	555	6	1	1	1	1	1	363	400	510	177	7
2	6*1*1*1*1*1	652	6	1	1	1	1	1	321	309	434	157	7
2	6*1*1*1*1*1	613	6	1	1	1	1	1	335	298	500	157	7
2	6*1*1*1*1*1	681	6	1	1	1	1	1	302	299	391	159	7
2	6*1*1*1*1*1	599	6	1	1	1	1	1	346	323	501	144	7
2	6*1*1*1*1*1	684	6	1	1	1	1	1	314	374	354	105	7
2	6*1*1*1*1*1	656	6	1	1	1	1	1	344	358	420	93	7
2	6*1*1*1*1*1	662	6	1	1	1	1	1	340	312	404	140	7
2	6*1*1*1*1*1	628	6	1	1	1	1	1	397	343	409	112	7
2	6*1*1*1*1*1	567	6	1	1	1	1	1	339	443	454	173	7
2	6*1*1*1*1*1	633	6	1	1	1	1	1	257	342	456	198	7
2	6*1*1*1*1*1	571	6	1	1	1	1	1	360	410	438	185	7
2	6*1*1*1*1*1	545	6	1	1	1	1	1	336	386	520	247	7
2	6*1*1*1*1*1	665	6	1	1	1	1	1	263	347	422	157	7
2	6*1*1*1*1*1	565	6	1	1	1	1	1	336	413	464	197	7
2	6*1*1*1*1*1	549	6	1	1	1	1	1	429	475	443	126	7
2	6*1*1*1*1*1	570	6	1	1	1	1	1	340	324	547	188	7
2	6*1*1*1*1*1	579	6	1	1	1	1	1	306	396	408	254	7
2	6*1*1*1*1*2	550	6	1	1	1	1	2	377	422	509	165	7
2	6*1*1*1*1*2	573	6	1	1	1	1	2	363	364	474	190	7
2	6*1*1*1*1*2	562	6	1	1	1	1	2	362	445	479	142	7
2	6*1*2*1*1*1	588	6	1	2	1	1	1	334	368	395	250	7
2	6*1*2*1*1*1	619	6	1	2	1	1	1	351	354	432	143	7
2	6*1*2*1*1*1	643	6	1	2	1	1	1	360	355	390	134	7
2	6*1*2*1*1*1	660	6	1	2	1	1	1	331	287	348	232	7
2	6*1*2*1*1*1	677	6	1	2	1	1	1	279	304	377	200	7
2	6*1*2*1*1*1	634	6	1	2	1	1	1	341	368	394	150	7
2	6*1*2*1*1*1	637	6	1	2	1	1	1	376	347	363	162	7
2	6*1*2*1*1*1	558	6	1	2	1	1	1	364	375	426	274	7
2	6*1*2*1*1*1	654	6	1	2	1	1	1	336	306	388	187	7
2	6*1*2*1*1*1	595	6	1	2	1	1	1	337	378	473	134	7
2	6*1*2*1*1*1	614	6	1	2	1	1	1	335	363	402	190	7
2	6*1*2*1*1*1	604	6	1	2	1	1	1	337	344	388	238	7
2	6*1*2*1*1*1	551	6	1	2	1	1	1	414	394	440	225	7
2	6*1*2*1*1*1	548	6	1	2	1	1	1	382	409	456	228	7
2	6*1*2*1*1*1	582	6	1	2	1	1	1	265	313	445	335	7
2	6*1*2*1*1*1	568	6	1	2	1	1	1	389	392	443	183	7
2	6*1*2*1*1*1	657	6	1	2	1	1	1	318	337	345	212	7
2	6*1*2*1*1*1	627	6	1	2	1	1	1	298	358	439	167	7
2	6*1*2*1*1*1	647	6	1	2	1	1	1	339	350	376	167	7
2	6*1*2*1*1*1	593	6	1	2	1	1	1	301	328	464	241	7
2	6*1*2*1*1*1	547	6	1	2	1	1	1	378	367	489	249	7
2	6*1*2*1*1*1	636	6	1	2	1	1	1	312	316	405	216	7
2	6*1*3*1*1*1	675	6	1	3	1	1	1	313	360	305	184	7
2	6*2*1*1*1*1	566	6	2	1	1	1	1	308	326	553	223	7
2	6*2*1*1*1*1	674	6	2	1	1	1	1	272	299	392	201	7
2	6*2*1*1*1*1	586	6	2	1	1	1	1	327	323	434	265	7
2	6*2*1*1*1*1	645	6	2	1	1	1	1	298	294	379	264	7
2	6*2*1*1*1*2	591	6	2	1	1	1	2	304	323	492	216	7
2	6*2*1*2*1*1	622	6	2	1	2	1	1	289	301	421	268	7
2	6*2*2*1*1*1	668	6	2	2	1	1	1	291	289	370	230	7
2	6*2*2*1*1*1	671	6	2	2	1	1	1	294	264	345	268	7
2	6*2*2*1*1*1	679	6	2	2	1	1	1	258	309	389	202	7
2	6*2*2*1*1*1	552	6	2	2	1	1	1	393	397	451	214	7
2	6*2*2*1*1*1	589	6	2	2	1	1	1	380	376	390	193	7
2	6*2*2*1*1*1	611	6	2	2	1	1	1	350	341	350	256	7
2	6*2*2*1*1*1	664	6	2	2	1	1	1	309	258	421	204	7
2	6*2*2*1*1*1	640	6	2	2	1	1	1	292	297	429	225	7
2	6*2*2*1*1*1	543	6	2	2	1	1	1	364	373	472	284	7
2	6*2*2*1*1*1	605	6	2	2	1	1	1	396	330	401	178	7
2	6*2*2*2*1*1	597	6	2	2	2	1	1	361	391	358	208	7
2	6*2*2*2*1*1	623	6	2	2	2	1	1	407	296	395	178	7
2	6*3*2*3*1*1	559	6	3	2	3	1	1	400	319	429	288	7
2	6*3*2*3*1*1	576	6	3	2	3	1	1	392	365	405	219	7
2	6*3*3*1*1*1	626	6	3	3	1	1	1	374	357	330	201	7
2	6*3*3*2*1*1	540	6	3	3	2	1	1	438	373	434	261	7
2	7*1*1*1*1*1	519	7	1	1	1	1	1	382	464	556	172	7
2	7*1*1*1*1*1	500	7	1	1	1	1	1	445	548	469	164	7
2	7*1*1*1*1*1	448	7	1	1	1	1	1	453	534	592	310	7
2	7*1*1*1*1*1	466	7	1	1	1	1	1	453	522	544	271	7
2	7*1*1*1*1*1	447	7	1	1	1	1	1	512	540	642	197	7
2	7*1*1*1*1*1	517	7	1	1	1	1	1	391	388	549	256	7
2	7*1*1*1*1*1	531	7	1	1	1	1	1	311	376	552	294	7
2	7*1*1*1*1*1	515	7	1	1	1	1	1	415	428	554	191	7
2	7*1*1*1*1*1	481	7	1	1	1	1	1	387	460	606	247	7
2	7*1*1*1*1*1	454	7	1	1	1	1	1	446	557	589	273	7
2	7*1*1*1*1*1	469	7	1	1	1	1	1	383	467	609	319	7
2	7*1*1*1*1*1	468	7	1	1	1	1	1	441	435	645	258	7
2	7*1*1*1*1*1	539	7	1	1	1	1	1	400	426	471	217	7
2	7*1*1*1*1*1	445	7	1	1	1	1	1	471	496	647	307	7
2	7*1*1*1*1*1	486	7	1	1	1	1	1	410	358	569	329	7
2	7*1*1*1*1*1	489	7	1	1	1	1	1	365	395	670	233	7
2	7*1*1*1*1*1	488	7	1	1	1	1	1	521	500	514	131	7
2	7*1*1*1*1*1	437	7	1	1	1	1	1	492	534	685	230	7
2	7*1*1*1*1*1	516	7	1	1	1	1	1	390	373	610	213	7
2	7*1*1*1*1*1	457	7	1	1	1	1	1	485	568	563	225	7
2	7*1*1*1*1*1	455	7	1	1	1	1	1	445	487	634	288	7
2	7*1*1*1*1*1	501	7	1	1	1	1	1	459	467	557	138	7
2	7*1*1*1*1*1	509	7	1	1	1	1	1	388	469	495	253	7
2	7*1*1*1*1*2	444	7	1	1	1	1	2	506	566	585	266	7
2	7*1*1*1*1*2	464	7	1	1	1	1	2	509	550	549	188	7
2	7*1*2*1*1*1	431	7	1	2	1	1	1	469	583	689	259	7
2	7*1*2*1*1*1	485	7	1	2	1	1	1	436	395	504	334	7
2	7*1*2*1*1*1	511	7	1	2	1	1	1	455	412	542	192	7
2	7*1*2*1*1*1	491	7	1	2	1	1	1	477	459	459	262	7
2	7*1*2*1*1*1	439	7	1	2	1	1	1	483	478	640	338	7
2	7*1*2*1*1*1	449	7	1	2	1	1	1	454	517	681	236	7
2	7*1*2*1*1*1	530	7	1	2	1	1	1	416	396	506	219	7
2	7*1*2*1*1*1	495	7	1	2	1	1	1	443	498	533	174	7
2	7*1*2*1*1*1	456	7	1	2	1	1	1	493	482	595	273	7
2	7*1*2*1*1*1	536	7	1	2	1	1	1	415	439	476	191	7
2	7*1*2*1*1*1	471	7	1	2	1	1	1	552	551	493	179	7
2	7*1*2*1*1*1	503	7	1	2	1	1	1	421	496	497	203	7
2	7*1*2*1*1*1	508	7	1	2	1	1	1	440	461	533	173	7
2	7*1*2*1*1*1	492	7	1	2	1	1	1	337	518	561	240	7
2	7*1*2*1*1*1	529	7	1	2	1	1	1	406	384	503	249	7
2	7*1*2*1*1*1	535	7	1	2	1	1	1	477	469	396	179	7
2	7*1*3*1*1*1	433	7	1	3	1	1	1	502	532	656	300	7
2	7*1*3*1*1*1	443	7	1	3	1	1	1	489	575	670	190	7
2	7*1*3*1*1*1	450	7	1	3	1	1	1	492	552	581	256	7
2	7*2*1*1*1*1	487	7	2	1	1	1	1	428	459	544	235	7
2	7*2*1*1*1*1	504	7	2	1	1	1	1	383	373	597	259	7
2	7*2*2*1*1*1	436	7	2	2	1	1	1	508	532	591	325	7
2	7*2*2*1*1*1	494	7	2	2	1	1	1	460	432	503	256	7
2	7*2*2*1*1*1	523	7	2	2	1	1	1	411	433	447	271	7
2	7*2*2*1*1*1	506	7	2	2	1	1	1	438	475	495	200	7
2	7*2*2*1*1*1	524	7	2	2	1	1	1	401	397	525	238	7
2	7*2*2*1*1*1	470	7	2	2	1	1	1	410	454	599	312	7
2	7*2*2*2*1*1	527	7	2	2	2	1	1	459	414	436	237	7
2	7*2*2*2*1*1	460	7	2	2	2	1	1	486	440	550	326	7
2	7*2*3*1*1*1	438	7	2	3	1	1	1	509	498	608	324	7
2	7*2*3*1*1*1	528	7	2	3	1	1	1	362	448	463	270	7
2	7*3*2*2*1*1	499	7	3	2	2	1	1	443	365	542	278	7
2	7*3*2*3*1*1	440	7	3	2	3	1	1	492	578	599	269	7
2	7*3*2*3*1*1	520	7	3	2	3	1	1	409	404	467	294	7
2	7*3*3*2*1*1	490	7	3	3	2	1	1	463	404	493	300	7
2	8*1*1*1*1*1	411	8	1	1	1	1	1	505	578	708	285	2
2	8*1*1*1*1*1	386	8	1	1	1	1	1	526	609	816	272	2
2	8*1*1*1*1*1	407	8	1	1	1	1	1	516	631	692	255	2
2	8*1*1*1*1*1	388	8	1	1	1	1	1	604	700	669	241	2
2	8*1*1*1*1*1	365	8	1	1	1	1	1	536	661	700	437	2
2	8*1*1*1*1*1	357	8	1	1	1	1	1	609	686	818	264	2
2	8*1*1*1*1*1	338	8	1	1	1	1	1	530	654	916	402	2
2	8*1*1*1*1*1	342	8	1	1	1	1	1	615	689	874	308	2
2	8*1*1*1*1*1	347	8	1	1	1	1	1	543	586	931	377	2
2	8*1*1*1*1*1	363	8	1	1	1	1	1	554	568	848	369	2
2	8*1*1*1*1*1	324	8	1	1	1	1	1	699	822	799	305	2
2	8*1*1*1*1*1	321	8	1	1	1	1	1	528	815	909	385	2
2	8*1*1*1*1*1	390	8	1	1	1	1	1	463	541	746	449	2
2	8*1*1*1*1*1	420	8	1	1	1	1	1	524	799	551	168	2
2	8*1*1*1*1*1	358	8	1	1	1	1	1	477	499	909	491	2
2	8*1*1*1*1*1	351	8	1	1	1	1	1	539	622	758	498	2
2	8*1*1*1*1*1	394	8	1	1	1	1	1	524	575	671	421	2
2	8*1*1*1*1*1	355	8	1	1	1	1	1	693	631	810	259	2
2	8*1*1*1*1*1	413	8	1	1	1	1	1	513	566	627	362	2
2	8*1*1*1*1*1	350	8	1	1	1	1	1	565	620	828	413	2
2	8*1*1*1*1*1	397	8	1	1	1	1	1	347	472	846	514	2
2	8*1*1*1*1*2	356	8	1	1	1	1	2	568	687	901	231	2
2	8*1*1*1*1*2	327	8	1	1	1	1	2	577	797	910	318	2
2	8*1*1*1*1*2	375	8	1	1	1	1	2	535	905	622	229	2
2	8*1*2*1*1*1	383	8	1	2	1	1	1	650	644	681	277	7
2	8*1*2*1*1*1	402	8	1	2	1	1	1	564	582	617	382	7
2	8*1*2*1*1*1	400	8	1	2	1	1	1	496	532	714	420	7
2	8*1*2*1*1*1	430	8	1	2	1	1	1	509	505	698	299	7
2	8*1*2*1*1*1	392	8	1	2	1	1	1	599	674	649	274	7
2	8*1*2*1*1*1	339	8	1	2	1	1	1	522	813	880	287	7
2	8*1*2*1*1*1	396	8	1	2	1	1	1	585	634	677	284	7
2	8*1*2*1*1*1	343	8	1	2	1	1	1	640	643	882	317	7
2	8*1*2*1*1*1	414	8	1	2	1	1	1	552	505	675	334	7
2	8*1*2*1*1*1	323	8	1	2	1	1	1	610	730	862	425	7
2	8*1*2*1*1*1	429	8	1	2	1	1	1	476	605	594	340	7
2	8*1*2*1*1*2	353	8	1	2	1	1	2	515	651	727	521	2
2	8*1*2*1*1*2	348	8	1	2	1	1	2	632	728	750	325	2
2	8*1*3*1*1*1	405	8	1	3	1	1	1	505	631	727	252	7
2	8*1*3*1*1*1	381	8	1	3	1	1	1	593	644	669	352	7
2	8*2*1*1*1*1	395	8	2	1	1	1	1	517	557	705	403	2
2	8*2*1*1*1*1	333	8	2	1	1	1	1	593	688	783	490	2
2	8*2*1*1*1*1	385	8	2	1	1	1	1	559	657	676	346	2
2	8*2*2*1*1*1	344	8	2	2	1	1	1	617	832	774	257	2
2	8*2*2*1*1*1	415	8	2	2	1	1	1	500	508	670	384	2
2	8*2*2*1*1*2	369	8	2	2	1	1	2	595	616	740	363	2
2	8*2*2*2*1*1	427	8	2	2	2	1	1	609	523	577	316	7
2	8*2*3*1*1*1	422	8	2	3	1	1	1	536	572	600	329	7
2	8*2*3*2*1*1	334	8	2	3	2	1	1	710	667	760	416	2
2	8*3*3*2*2*1	340	8	3	3	2	2	1	729	633	740	399	2
2	8*3*3*3*1*1	419	8	3	3	3	1	1	541	526	655	332	7
2	8*3*3*3*2*1	364	8	3	3	3	2	1	581	619	738	399	2
2	9*1*1*1*1*1	260	9	1	1	1	1	1	845	829	1053	469	2
2	9*1*1*1*1*1	240	9	1	1	1	1	1	702	903	1093	702	2
2	9*1*1*1*1*1	237	9	1	1	1	1	1	826	877	1090	652	2
2	9*1*1*1*1*1	255	9	1	1	1	1	1	700	875	1261	430	2
2	9*1*1*1*1*1	310	9	1	1	1	1	1	692	679	1053	293	2
2	9*1*1*1*1*1	299	9	1	1	1	1	1	659	743	963	431	2
2	9*1*1*1*1*1	294	9	1	1	1	1	1	688	776	1025	344	2
2	9*1*1*1*1*1	298	9	1	1	1	1	1	568	670	1057	504	2
2	9*1*1*1*1*1	248	9	1	1	1	1	1	845	1065	979	414	2
2	9*1*1*1*1*1	266	9	1	1	1	1	1	675	869	1035	538	2
2	9*1*1*1*1*2	252	9	1	1	1	1	2	740	804	1140	598	2
2	9*1*1*1*1*2	292	9	1	1	1	1	2	684	905	910	385	2
2	9*1*1*1*1*2	267	9	1	1	1	1	2	691	883	1065	473	2
2	9*1*1*1*1*2	256	9	1	1	1	1	2	809	896	1060	495	2
2	9*1*2*1*1*1	306	9	1	2	1	1	1	637	792	891	420	2
2	9*1*2*1*1*1	297	9	1	2	1	1	1	713	738	962	387	2
2	9*1*2*1*1*1	314	9	1	2	1	1	1	740	662	987	311	2
2	9*1*2*1*1*1	282	9	1	2	1	1	1	750	816	957	434	2
2	9*1*2*1*1*1	307	9	1	2	1	1	1	588	673	1055	420	2
2	9*1*2*1*1*1	289	9	1	2	1	1	1	763	756	913	484	2
2	9*1*2*1*2*1	270	9	1	2	1	2	1	692	843	1039	503	2
2	9*1*3*1*1*1	288	9	1	3	1	1	1	715	794	901	525	2
2	9*1*3*1*1*1	253	9	1	3	1	1	1	836	1005	1034	405	2
2	9*1*3*1*1*1	265	9	1	3	1	1	1	917	882	1056	262	2
2	9*1*3*1*2*1	286	9	1	3	1	2	1	732	829	861	525	2
2	9*2*2*1*1*1	308	9	2	2	1	1	1	706	793	912	322	2
2	9*2*2*1*1*1	241	9	2	2	1	1	1	818	966	1006	583	2
2	9*2*2*1*1*1	303	9	2	2	1	1	1	727	743	811	489	2
2	9*2*2*1*1*1	295	9	2	2	1	1	1	654	717	986	453	2
2	9*2*2*1*1*1	313	9	2	2	1	1	1	627	673	849	554	2
2	9*2*2*1*2*1	250	9	2	2	1	2	1	845	813	1092	533	2
2	9*2*2*1*2*1	236	9	2	2	1	2	1	894	940	1193	450	2
2	9*2*2*2*2*1	283	9	2	2	2	2	1	754	754	920	528	2
2	9*2*3*1*1*1	309	9	2	3	1	1	1	588	790	1014	330	2
2	9*2*3*1*1*1	293	9	2	3	1	1	1	777	845	845	411	2
2	9*2*3*1*1*1	316	9	2	3	1	1	1	703	733	816	429	2
2	9*2*3*1*1*1	285	9	2	3	1	1	1	723	836	896	493	2
2	9*2*3*1*2*1	262	9	2	3	1	2	1	701	815	1042	586	2
2	9*2*3*1*2*1	246	9	2	3	1	2	1	844	967	1096	411	2
2	9*3*2*3*2*1	278	9	3	2	3	2	1	643	695	1005	627	2
2	9*3*2*3*2*1	290	9	3	2	3	2	1	653	838	877	546	2
2	9*3*3*3*2*1	245	9	3	3	3	2	1	862	851	1038	574	2
3	1*1*1*1*1*1	1658	1	1	1	1	1	1	31	49	56	15	1
3	1*1*1*1*1*1	1735	1	1	1	1	1	1	20	30	39	20	1
3	1*1*1*1*1*1	1681	1	1	1	1	1	1	50	25	49	13	1
3	1*1*1*1*1*1	1659	1	1	1	1	1	1	46	37	54	14	1
3	1*1*1*1*1*1	1711	1	1	1	1	1	1	39	30	43	9	1
3	1*1*1*1*1*1	1728	1	1	1	1	1	1	26	36	38	12	1
3	1*1*1*1*1*1	1573	1	1	1	1	1	1	47	54	76	24	1
3	1*1*1*1*1*1	1609	1	1	1	1	1	1	58	45	62	18	1
3	10*1*1*1*1*1	196	10	1	1	1	1	1	810	1126	1528	700	2
3	10*1*1*1*1*1	188	10	1	1	1	1	1	1110	1293	1458	378	2
3	10*1*1*1*1*1	182	10	1	1	1	1	1	1076	1358	1580	344	2
3	10*1*1*1*1*1	226	10	1	1	1	1	1	868	888	1442	438	2
3	10*1*1*1*1*1	219	10	1	1	1	1	1	858	1144	1359	377	2
3	10*1*1*1*1*1	186	10	1	1	1	1	1	1009	1261	1451	545	2
3	10*1*1*1*1*1	212	10	1	1	1	1	1	994	1154	1205	493	2
3	10*1*1*1*1*1	192	10	1	1	1	1	1	1001	1198	1515	468	2
3	10*1*1*1*1*2	234	10	1	1	1	1	2	973	1086	1170	300	3
3	10*1*1*1*1*2	210	10	1	1	1	1	2	926	986	1312	675	3
3	10*1*1*1*1*2	207	10	1	1	1	1	2	852	1136	1400	529	3
3	10*1*1*1*1*2	217	10	1	1	1	1	2	886	1056	1255	573	3
3	10*1*1*1*1*2	224	10	1	1	1	1	2	1005	966	1277	400	3
3	10*1*1*1*2*1	209	10	1	1	1	2	1	970	1141	1223	576	3
3	10*1*1*1*2*2	225	10	1	1	1	2	2	996	1109	1120	422	3
3	10*1*2*1*1*1	187	10	1	2	1	1	1	1264	1131	1437	430	3
3	10*1*2*1*2*2	200	10	1	2	1	2	2	1034	1187	1284	523	3
3	11*1*1*1*1*1	154	11	1	1	1	1	1	1118	1553	1688	615	2
3	11*1*1*1*1*1	162	11	1	1	1	1	1	1155	1309	1766	534	2
3	11*1*1*1*1*2	127	11	1	1	1	1	2	1264	1714	2001	724	2
3	11*1*1*1*1*2	140	11	1	1	1	1	2	1194	1652	1787	705	2
3	11*1*1*1*1*2	169	11	1	1	1	1	2	1216	1390	1512	527	2
3	11*1*1*1*2*1	135	11	1	1	1	2	1	1098	1366	2122	922	2
3	11*1*1*1*2*2	142	11	1	1	1	2	2	1177	1507	1816	825	2
3	11*1*1*1*2*2	136	11	1	1	1	2	2	1384	1394	1849	849	2
3	11*1*1*1*2*2	134	11	1	1	1	2	2	1429	1601	1647	834	2
3	11*1*2*1*2*1	161	11	1	2	1	2	1	1141	1360	1773	519	2
3	11*1*2*1*2*2	151	11	1	2	1	2	2	1256	1566	1605	652	2
3	11*1*2*1*2*2	159	11	1	2	1	2	2	1221	1426	1515	653	2
3	11*2*1*1*1*2	157	11	2	1	1	1	2	1110	1423	1601	723	2
3	11*2*2*1*2*1	153	11	2	2	1	2	1	1139	1374	1756	756	2
3	12*1*1*1*1*1	88	12	1	1	1	1	1	1634	2437	2655	887	2
3	12*1*1*1*1*1	119	12	1	1	1	1	1	1511	1875	2040	702	2
3	12*1*1*1*2*1	91	12	1	1	1	2	1	1625	2187	2539	1210	2
3	12*1*1*1*2*2	107	12	1	1	1	2	2	1511	1882	2096	1161	2
3	12*1*1*1*2*2	113	12	1	1	1	2	2	1528	1912	1910	913	2
3	12*1*1*1*2*2	104	12	1	1	1	2	2	1577	2027	2251	885	2
3	12*1*1*1*2*2	117	12	1	1	1	2	2	1329	1928	1887	1031	2
3	12*1*2*1*2*2	110	12	1	2	1	2	2	1606	1947	2089	903	2
3	12*1*2*1*2*2	96	12	1	2	1	2	2	1846	2016	2279	1117	2
3	12*1*2*1*2*2	100	12	1	2	1	2	2	1618	1839	2381	1031	2
3	12*2*1*1*2*2	90	12	2	1	1	2	2	1649	2236	2441	1242	2
3	12*2*2*1*2*1	120	12	2	2	1	2	1	1507	1655	2024	929	2
3	13*1*1*1*1*2	74	13	1	1	1	1	2	2271	3030	3087	739	2
3	13*1*1*1*2*1	69	13	1	1	1	2	1	1922	2468	3485	1488	4
3	13*1*1*1*2*2	79	13	1	1	1	2	2	1656	2444	2760	1787	4
3	13*1*1*1*2*2	80	13	1	1	1	2	2	1772	2143	3055	1658	4
3	13*1*1*1*2*2	73	13	1	1	1	2	2	2064	2515	3016	1548	4
3	13*1*1*1*2*2	65	13	1	1	1	2	2	2241	2791	3443	1260	4
3	13*1*1*1*2*2	81	13	1	1	1	2	2	1908	2617	2569	1357	4
3	13*1*2*1*2*1	82	13	1	2	1	2	1	1885	2312	3027	1210	4
3	13*2*2*1*2*2	83	13	2	2	1	2	2	2018	2465	2739	1075	4
3	14*1*1*1*1*2	59	14	1	1	1	1	2	1724	3101	3450	2154	4
3	14*1*1*1*2*2	48	14	1	1	1	2	2	2440	3030	3888	2344	4
3	14*1*2*1*2*2	43	14	1	2	1	2	2	3303	3862	4284	1880	4
3	14*1*2*1*2*2	61	14	1	2	1	2	2	2343	3055	3432	1475	4
3	14*2*1*1*2*2	44	14	2	1	1	2	2	2781	3932	4153	2064	4
3	14*2*2*1*2*2	56	14	2	2	1	2	2	2378	3266	3504	1525	2
3	15*1*1*1*2*1	16	15	1	1	1	2	1	4039	4191	7097	5043	4
3	15*1*1*1*2*1	41	15	1	1	1	2	1	2510	3692	4950	2825	4
3	15*1*1*1*2*2	19	15	1	1	1	2	2	3554	4835	6849	3085	4
3	15*1*1*1*2*2	20	15	1	1	1	2	2	3284	4875	6506	3466	4
3	15*1*1*1*2*2	32	15	1	1	1	2	2	2855	4718	4923	2974	4
3	15*1*1*1*2*2	21	15	1	1	1	2	2	3436	5363	5866	3205	4
3	15*1*1*1*2*3	34	15	1	1	1	2	3	3198	4302	5256	2148	4
3	15*2*1*1*2*2	26	15	2	1	1	2	2	3211	5656	5191	2212	4
3	15*2*1*1*2*3	24	15	2	1	1	2	3	3502	4113	5939	3100	4
3	18*1*1*1*3*3	2	18	1	1	1	3	3	28161	50349	53734	34314	5
3	2*1*1*1*1*1	1303	2	1	1	1	1	1	93	123	113	32	1
3	2*1*1*1*1*1	1478	2	1	1	1	1	1	77	47	94	39	1
3	2*1*1*1*1*1	1504	2	1	1	1	1	1	74	48	90	33	1
3	2*1*1*1*1*1	1405	2	1	1	1	1	1	100	77	88	38	1
3	2*1*1*1*1*1	1454	2	1	1	1	1	1	82	70	75	41	1
3	2*1*1*1*1*1	1278	2	1	1	1	1	1	91	84	140	65	1
3	2*1*1*1*1*1	1463	2	1	1	1	1	1	78	51	107	28	1
3	2*1*1*1*1*1	1283	2	1	1	1	1	1	109	80	152	34	1
3	2*1*1*1*1*1	1409	2	1	1	1	1	1	73	67	120	41	1
3	2*1*1*1*1*1	1470	2	1	1	1	1	1	46	62	125	28	1
3	2*1*1*1*1*1	1293	2	1	1	1	1	1	101	106	123	38	1
3	2*1*1*1*1*1	1288	2	1	1	1	1	1	114	104	127	26	1
3	2*1*1*1*1*1	1310	2	1	1	1	1	1	76	116	115	50	1
3	2*1*1*1*1*1	1421	2	1	1	1	1	1	63	83	95	49	1
3	2*1*1*1*1*1	1402	2	1	1	1	1	1	77	75	102	53	1
3	2*1*1*1*1*1	1333	2	1	1	1	1	1	92	87	127	38	1
3	2*1*1*1*1*1	1493	2	1	1	1	1	1	85	53	84	27	1
3	2*1*1*1*1*1	1545	2	1	1	1	1	1	61	45	83	33	1
3	2*1*1*1*1*1	1518	2	1	1	1	1	1	49	76	75	35	1
3	2*1*1*1*1*1	1375	2	1	1	1	1	1	68	97	98	58	1
3	2*1*1*1*1*1	1510	2	1	1	1	1	1	61	53	89	37	1
3	2*1*1*1*1*1	1304	2	1	1	1	1	1	98	102	128	33	1
3	2*1*1*1*1*1	1322	2	1	1	1	1	1	101	83	113	53	1
3	2*1*1*1*1*1	1531	2	1	1	1	1	1	47	64	84	34	1
3	2*1*1*1*1*1	1541	2	1	1	1	1	1	66	53	67	38	1
3	2*1*1*1*1*1	1320	2	1	1	1	1	1	87	91	123	51	1
3	2*1*1*1*1*1	1401	2	1	1	1	1	1	85	83	97	42	1
3	2*1*1*1*1*1	1349	2	1	1	1	1	1	91	106	97	41	1
3	2*1*1*1*1*1	1535	2	1	1	1	1	1	65	61	75	26	1
3	2*1*2*1*1*1	1391	2	1	2	1	1	1	96	81	107	29	1
3	3*1*1*1*1*1	1108	3	1	1	1	1	1	112	167	188	52	1
3	3*1*1*1*1*1	1109	3	1	1	1	1	1	158	160	149	51	1
3	3*1*1*1*1*1	1136	3	1	1	1	1	1	133	126	160	74	1
3	3*1*1*1*1*1	1054	3	1	1	1	1	1	169	142	211	53	1
3	3*1*1*1*1*1	1131	3	1	1	1	1	1	150	157	145	44	1
3	3*1*1*1*1*1	1107	3	1	1	1	1	1	139	143	185	54	1
3	3*1*1*1*1*1	1040	3	1	1	1	1	1	109	159	215	104	1
3	3*1*1*1*1*1	1167	3	1	1	1	1	1	141	116	142	69	1
3	3*1*1*1*1*1	1089	3	1	1	1	1	1	159	123	198	54	1
3	3*1*1*1*1*1	1134	3	1	1	1	1	1	152	132	138	73	1
3	3*1*1*1*1*1	1239	3	1	1	1	1	1	106	127	135	37	1
3	3*1*1*1*1*1	1053	3	1	1	1	1	1	184	167	177	48	1
3	3*1*1*1*1*1	1250	3	1	1	1	1	1	104	90	169	35	1
3	3*1*1*1*1*1	1199	3	1	1	1	1	1	115	92	165	69	1
3	3*1*1*1*1*1	1170	3	1	1	1	1	1	106	152	156	52	1
3	3*1*1*1*1*1	1152	3	1	1	1	1	1	111	109	191	73	1
3	3*1*1*1*1*1	1236	3	1	1	1	1	1	97	107	141	64	1
3	3*1*1*1*1*1	1207	3	1	1	1	1	1	99	112	164	59	1
3	3*1*1*1*1*1	1115	3	1	1	1	1	1	121	160	160	65	1
3	3*1*1*1*1*1	1062	3	1	1	1	1	1	182	146	182	55	1
3	3*1*2*1*1*1	1039	3	1	2	1	1	1	141	149	214	84	1
3	3*1*2*1*1*1	1240	3	1	2	1	1	1	97	109	138	61	1
3	3*1*2*1*1*1	1191	3	1	2	1	1	1	101	108	150	87	1
3	3*1*2*1*1*1	1130	3	1	2	1	1	1	151	136	140	69	1
3	3*2*2*1*1*1	1059	3	2	2	1	1	1	145	148	195	78	1
3	4*1*1*1*1*1	970	4	1	1	1	1	1	175	155	252	78	1
3	4*1*1*1*1*1	862	4	1	1	1	1	1	165	236	294	109	1
3	4*1*1*1*1*1	922	4	1	1	1	1	1	237	174	251	65	1
3	4*1*1*1*1*1	988	4	1	1	1	1	1	159	160	228	97	1
3	4*1*1*1*1*1	855	4	1	1	1	1	1	215	253	246	102	1
3	4*1*1*1*1*1	903	4	1	1	1	1	1	174	182	272	121	1
3	4*1*1*1*1*1	926	4	1	1	1	1	1	173	236	232	80	1
3	4*1*1*1*1*1	886	4	1	1	1	1	1	208	240	285	47	1
3	4*1*1*1*1*1	939	4	1	1	1	1	1	146	220	242	93	1
3	4*1*1*1*1*1	948	4	1	1	1	1	1	180	242	209	56	1
3	4*1*1*1*1*1	956	4	1	1	1	1	1	213	240	163	58	1
3	4*1*1*1*1*1	880	4	1	1	1	1	1	192	207	304	82	1
3	4*1*1*1*1*1	937	4	1	1	1	1	1	167	197	253	88	1
3	4*1*1*1*1*1	872	4	1	1	1	1	1	183	254	296	65	1
3	4*1*1*1*1*1	961	4	1	1	1	1	1	158	182	240	89	1
3	4*1*1*1*1*1	1028	4	1	1	1	1	1	163	174	199	67	1
3	4*1*1*1*1*1	1020	4	1	1	1	1	1	161	197	197	54	1
3	4*1*1*1*1*1	1002	4	1	1	1	1	1	208	135	224	65	1
3	4*1*1*1*1*1	870	4	1	1	1	1	1	220	228	260	90	1
3	4*1*1*1*1*1	979	4	1	1	1	1	1	182	179	206	88	1
3	4*1*1*1*1*1	949	4	1	1	1	1	1	134	218	226	108	1
3	4*1*1*1*1*1	976	4	1	1	1	1	1	181	169	233	73	1
3	4*1*1*1*1*1	861	4	1	1	1	1	1	265	233	260	48	1
3	4*1*1*1*1*1	969	4	1	1	1	1	1	184	170	218	90	1
3	4*1*1*1*1*1	871	4	1	1	1	1	1	232	218	253	95	1
3	4*1*1*1*1*1	953	4	1	1	1	1	1	189	185	242	65	1
3	4*1*1*1*1*1	960	4	1	1	1	1	1	180	179	257	53	1
3	4*1*1*1*1*1	973	4	1	1	1	1	1	205	182	204	66	1
3	4*1*1*1*1*1	901	4	1	1	1	1	1	218	192	270	73	1
3	4*1*1*1*1*1	991	4	1	1	1	1	1	161	179	236	65	1
3	4*1*1*1*1*1	869	4	1	1	1	1	1	216	221	266	96	1
3	4*1*1*1*1*2	859	4	1	1	1	1	2	236	190	265	115	1
3	4*1*2*1*1*1	931	4	1	2	1	1	1	204	189	226	93	1
3	4*1*2*1*1*1	920	4	1	2	1	1	1	189	181	262	97	1
3	4*1*2*1*1*1	908	4	1	2	1	1	1	219	166	262	97	1
3	4*1*2*1*1*1	977	4	1	2	1	1	1	142	194	228	91	1
3	4*1*2*1*1*1	881	4	1	2	1	1	1	200	239	255	90	1
3	4*1*2*1*1*1	964	4	1	2	1	1	1	190	169	212	95	1
3	4*1*2*1*1*1	952	4	1	2	1	1	1	177	203	211	90	1
3	4*1*2*1*1*1	907	4	1	2	1	1	1	209	185	249	104	1
3	4*2*2*1*1*1	944	4	2	2	1	1	1	203	182	200	107	1
3	4*2*2*1*1*1	925	4	2	2	1	1	1	198	169	246	108	1
3	5*1*1*1*1*1	833	5	1	1	1	1	1	246	236	282	101	1
3	5*1*1*1*1*1	715	5	1	1	1	1	1	278	356	340	110	1
3	5*1*1*1*1*1	811	5	1	1	1	1	1	263	219	341	77	1
3	5*1*1*1*1*1	769	5	1	1	1	1	1	195	248	351	166	1
3	5*1*1*1*1*1	710	5	1	1	1	1	1	231	279	452	139	1
3	5*1*1*1*1*1	699	5	1	1	1	1	1	303	296	360	156	1
3	5*1*1*1*1*1	822	5	1	1	1	1	1	243	239	305	98	1
3	5*1*1*1*1*1	772	5	1	1	1	1	1	188	249	369	144	1
3	5*1*1*1*1*1	714	5	1	1	1	1	1	304	394	298	91	1
3	5*1*1*1*1*1	756	5	1	1	1	1	1	275	289	298	118	1
3	5*1*1*1*1*1	840	5	1	1	1	1	1	247	268	263	72	1
3	5*1*1*1*1*1	744	5	1	1	1	1	1	204	290	327	178	1
3	5*1*1*1*1*1	721	5	1	1	1	1	1	304	264	381	103	1
3	5*1*1*1*1*1	707	5	1	1	1	1	1	344	303	380	78	1
3	5*1*1*1*1*1	751	5	1	1	1	1	1	283	277	303	128	1
3	5*1*1*1*1*1	816	5	1	1	1	1	1	237	283	269	107	1
3	5*1*1*1*1*1	836	5	1	1	1	1	1	268	267	235	93	1
3	5*1*1*1*1*2	745	5	1	1	1	1	2	320	253	332	93	6
3	5*1*2*1*1*1	712	5	1	2	1	1	1	382	317	332	66	1
3	5*1*2*1*1*1	718	5	1	2	1	1	1	322	262	344	131	1
3	5*1*2*1*1*1	758	5	1	2	1	1	1	270	301	299	108	1
3	5*1*2*1*1*1	778	5	1	2	1	1	1	297	255	280	110	1
3	5*1*2*1*1*1	735	5	1	2	1	1	1	304	314	306	99	1
3	5*1*2*1*1*1	788	5	1	2	1	1	1	262	224	321	120	1
3	5*1*2*1*1*1	755	5	1	2	1	1	1	298	297	287	98	1
3	5*1*2*1*1*1	806	5	1	2	1	1	1	260	244	273	126	1
3	5*1*2*1*1*1	801	5	1	2	1	1	1	240	247	306	116	1
3	5*1*2*1*1*1	764	5	1	2	1	1	1	260	262	329	114	1
3	5*1*2*1*1*1	748	5	1	2	1	1	1	275	258	338	123	1
3	5*2*2*1*1*1	689	5	2	2	1	1	1	322	324	348	137	1
3	5*2*2*1*1*1	787	5	2	2	1	1	1	244	248	325	112	1
3	5*2*2*1*1*1	695	5	2	2	1	1	1	272	315	361	174	1
3	6*1*1*1*1*1	557	6	1	1	1	1	1	346	416	554	127	6
3	6*1*1*1*1*1	578	6	1	1	1	1	1	343	376	490	160	6
3	6*1*1*1*1*1	641	6	1	1	1	1	1	330	358	381	171	6
3	6*1*1*1*1*1	546	6	1	1	1	1	1	420	449	490	127	6
3	6*1*1*1*1*1	631	6	1	1	1	1	1	348	400	416	90	6
3	6*1*1*1*1*1	602	6	1	1	1	1	1	354	376	442	135	6
3	6*1*1*1*1*1	672	6	1	1	1	1	1	255	342	384	186	6
3	6*1*1*1*1*1	648	6	1	1	1	1	1	354	410	392	71	6
3	6*1*1*1*1*1	663	6	1	1	1	1	1	302	337	420	134	6
3	6*1*1*1*1*1	608	6	1	1	1	1	1	358	312	536	96	6
3	6*1*1*1*1*1	680	6	1	1	1	1	1	235	330	385	201	6
3	6*1*1*1*1*1	587	6	1	1	1	1	1	382	393	447	126	6
3	6*1*1*1*1*1	687	6	1	1	1	1	1	315	375	329	124	6
3	6*1*1*1*1*1	655	6	1	1	1	1	1	338	254	454	171	6
3	6*1*1*1*1*1	630	6	1	1	1	1	1	307	346	426	179	6
3	6*1*1*1*1*1	644	6	1	1	1	1	1	316	297	480	144	6
3	6*1*1*1*1*1	667	6	1	1	1	1	1	313	361	395	115	6
3	6*1*1*1*1*1	658	6	1	1	1	1	1	330	379	369	132	6
3	6*1*1*1*1*1	607	6	1	1	1	1	1	306	378	518	101	6
3	6*1*1*1*1*1	581	6	1	1	1	1	1	324	332	513	190	6
3	6*1*1*1*1*1	676	6	1	1	1	1	1	285	288	434	155	6
3	6*1*1*1*1*1	625	6	1	1	1	1	1	349	355	449	110	6
3	6*1*1*1*1*1	598	6	1	1	1	1	1	345	363	451	157	6
3	6*1*1*1*1*1	585	6	1	1	1	1	1	397	348	403	201	6
3	6*1*1*1*1*1	639	6	1	1	1	1	1	300	296	481	168	6
3	6*1*1*1*1*1	670	6	1	1	1	1	1	283	331	404	159	6
3	6*1*1*1*1*1	624	6	1	1	1	1	1	312	367	418	171	6
3	6*1*1*1*1*1	577	6	1	1	1	1	1	330	384	508	155	6
3	6*1*1*1*1*1	651	6	1	1	1	1	1	294	316	459	152	6
3	6*1*1*1*1*1	638	6	1	1	1	1	1	315	351	419	160	6
3	6*1*1*1*1*1	610	6	1	1	1	1	1	384	334	431	149	6
3	6*1*1*1*1*2	629	6	1	1	1	1	2	325	399	432	103	6
3	6*1*2*1*1*1	572	6	1	2	1	1	1	380	416	460	136	6
3	6*1*2*1*1*1	580	6	1	2	1	1	1	321	336	520	183	6
3	6*1*2*1*1*1	646	6	1	2	1	1	1	279	310	473	170	6
3	6*1*2*1*1*1	575	6	1	2	1	1	1	377	395	476	142	6
3	6*1*2*1*1*1	635	6	1	2	1	1	1	301	325	398	227	6
3	6*1*2*1*1*1	653	6	1	2	1	1	1	368	303	369	179	6
3	6*1*2*1*1*1	642	6	1	2	1	1	1	339	412	353	135	6
3	6*1*2*1*1*1	661	6	1	2	1	1	1	348	366	375	108	6
3	6*2*1*1*1*1	682	6	2	1	1	1	1	275	309	373	192	6
3	6*2*1*1*1*1	594	6	2	1	1	1	1	381	360	406	181	6
3	6*2*2*1*1*1	561	6	2	2	1	1	1	390	354	547	139	6
3	7*1*1*1*1*1	474	7	1	1	1	1	1	504	515	609	131	6
3	7*1*1*1*1*1	478	7	1	1	1	1	1	394	455	680	200	6
3	7*1*1*1*1*1	493	7	1	1	1	1	1	465	451	526	211	6
3	7*1*1*1*1*1	442	7	1	1	1	1	1	479	508	607	339	6
3	7*1*1*1*1*1	512	7	1	1	1	1	1	410	422	528	238	6
3	7*1*1*1*1*1	526	7	1	1	1	1	1	460	435	511	141	6
3	7*1*1*1*1*1	533	7	1	1	1	1	1	376	403	558	189	6
3	7*1*1*1*1*1	472	7	1	1	1	1	1	415	476	643	233	6
3	7*1*1*1*1*1	502	7	1	1	1	1	1	371	438	622	187	6
3	7*1*1*1*1*1	521	7	1	1	1	1	1	459	464	525	121	6
3	7*1*1*1*1*1	505	7	1	1	1	1	1	454	485	480	192	6
3	7*1*1*1*1*1	532	7	1	1	1	1	1	384	451	552	145	6
3	7*1*1*1*1*1	525	7	1	1	1	1	1	419	484	487	161	6
3	7*1*1*1*1*1	498	7	1	1	1	1	1	438	418	541	240	6
3	7*1*1*1*1*1	514	7	1	1	1	1	1	367	470	568	190	6
3	7*1*1*1*1*1	451	7	1	1	1	1	1	476	533	585	287	6
3	7*1*1*1*1*2	458	7	1	1	1	1	2	390	562	646	221	6
3	7*1*1*1*1*2	475	7	1	1	1	1	2	434	530	588	198	6
3	7*1*2*1*1*1	463	7	1	2	1	1	1	430	474	672	221	6
3	7*1*2*1*1*1	537	7	1	2	1	1	1	361	393	472	294	6
3	7*1*2*1*1*1	473	7	1	2	1	1	1	437	524	599	206	6
3	7*1*2*1*1*1	434	7	1	2	1	1	1	531	547	626	286	6
3	7*2*1*1*1*1	467	7	2	1	1	1	1	410	463	612	304	6
3	7*2*1*1*1*1	507	7	2	1	1	1	1	409	457	513	229	6
3	8*1*1*1*1*1	319	8	1	1	1	1	1	583	780	944	345	6
3	8*1*1*1*1*1	346	8	1	1	1	1	1	591	682	871	299	6
3	8*1*1*1*1*1	426	8	1	1	1	1	1	506	448	836	237	6
3	8*1*1*1*1*1	406	8	1	1	1	1	1	486	579	641	390	6
3	8*1*1*1*1*1	416	8	1	1	1	1	1	520	566	729	240	6
3	8*1*1*1*1*1	337	8	1	1	1	1	1	686	712	869	251	6
3	8*1*1*1*1*1	325	8	1	1	1	1	1	618	863	840	282	6
3	8*1*1*1*1*1	370	8	1	1	1	1	1	604	722	755	232	6
3	8*1*1*1*1*1	368	8	1	1	1	1	1	628	580	757	354	6
3	8*1*1*1*1*1	329	8	1	1	1	1	1	610	655	821	495	6
3	8*1*1*1*1*1	382	8	1	1	1	1	1	436	610	888	322	6
3	8*1*1*1*1*1	412	8	1	1	1	1	1	558	538	715	260	6
3	8*1*1*1*1*1	425	8	1	1	1	1	1	563	591	692	183	6
3	8*1*1*1*1*1	349	8	1	1	1	1	1	639	632	874	288	6
3	8*1*1*1*1*1	389	8	1	1	1	1	1	485	567	807	354	6
3	8*1*1*1*1*1	354	8	1	1	1	1	1	508	808	786	298	6
3	8*1*1*1*1*1	345	8	1	1	1	1	1	659	637	803	372	6
3	8*1*1*1*1*2	428	8	1	1	1	1	2	499	706	597	215	6
3	8*1*1*1*1*2	352	8	1	1	1	1	2	596	727	829	262	6
3	8*1*1*1*1*2	330	8	1	1	1	1	2	587	825	873	290	6
3	8*1*1*1*1*2	404	8	1	1	1	1	2	561	612	685	259	6
3	8*1*2*1*1*1	393	8	1	2	1	1	1	591	583	767	251	6
3	8*1*2*1*1*1	336	8	1	2	1	1	1	721	639	852	314	6
3	8*1*2*1*1*1	384	8	1	2	1	1	1	615	574	718	345	6
3	8*1*2*1*1*1	398	8	1	2	1	1	1	649	698	627	197	6
3	8*1*2*1*1*1	401	8	1	2	1	1	1	604	618	673	251	6
3	8*1*2*1*1*1	417	8	1	2	1	1	1	507	561	667	320	6
3	8*1*2*1*1*1	377	8	1	2	1	1	1	641	668	711	267	6
3	8*1*2*1*1*1	371	8	1	2	1	1	1	619	693	709	287	6
3	8*2*2*1*1*1	418	8	2	2	1	1	1	542	637	654	221	6
3	9*1*1*1*1*1	235	9	1	1	1	1	1	866	932	1342	348	3
3	9*1*1*1*1*1	249	9	1	1	1	1	1	769	821	1183	513	3
3	9*1*1*1*1*1	317	9	1	1	1	1	1	616	649	1047	367	3
3	9*1*1*1*1*1	242	9	1	1	1	1	1	812	827	1301	424	3
3	9*1*1*1*1*1	269	9	1	1	1	1	1	764	804	1035	480	3
3	9*1*1*1*1*1	261	9	1	1	1	1	1	705	888	1041	561	3
3	9*1*1*1*1*1	254	9	1	1	1	1	1	819	887	977	588	3
3	9*1*1*1*1*1	274	9	1	1	1	1	1	529	972	1068	450	3
3	9*1*1*1*1*2	279	9	1	1	1	1	2	705	918	1025	321	3
3	9*1*1*1*1*2	238	9	1	1	1	1	2	829	844	1206	534	3
3	9*1*1*1*1*2	264	9	1	1	1	1	2	751	878	1051	448	3
3	9*1*1*1*1*2	312	9	1	1	1	1	2	695	664	971	380	3
3	9*1*1*1*1*2	258	9	1	1	1	1	2	821	912	1050	458	3
3	9*1*2*1*1*1	315	9	1	2	1	1	1	683	735	916	356	3
3	9*1*2*1*1*1	296	9	1	2	1	1	1	773	832	941	262	3
3	9*1*2*1*1*1	272	9	1	2	1	1	1	789	702	1167	385	3
3	9*1*2*1*2*1	239	9	1	2	1	2	1	860	985	1068	487	3
3	9*1*3*1*1*2	251	9	1	3	1	1	2	949	981	962	390	3
3	9*2*2*1*1*1	305	9	2	2	1	1	1	691	742	871	437	3
